version = 'MMult4x4_13';
MY_MMult = [
20 5.333333e+00 1.776357e-15 
40 3.657143e+00 3.108624e-15 
60 3.630252e+00 3.552714e-15 
80 3.605634e+00 5.773160e-15 
100 3.623188e+00 7.105427e-15 
120 3.611285e+00 7.105427e-15 
140 3.533806e+00 6.301679e+00 
160 3.414756e+00 1.254438e+01 
180 3.426557e+00 1.249739e+01 
200 3.449763e+00 1.549629e+01 
220 3.314553e+00 1.720838e+01 
240 3.329881e+00 1.894289e+01 
260 3.211401e+00 2.390232e+01 
280 3.226337e+00 2.546606e+01 
300 3.221188e+00 2.427216e+01 
320 3.224086e+00 2.493191e+01 
340 3.231838e+00 2.574262e+01 
360 3.273301e+00 2.374035e+01 
380 3.279857e+00 2.380026e+01 
400 3.327095e+00 2.602779e+01 
420 3.233096e+00 2.731188e+01 
440 3.303626e+00 3.082401e+01 
460 3.315259e+00 3.449692e+01 
480 3.268085e+00 2.980040e+01 
500 3.256650e+00 3.278452e+01 
520 3.230882e+00 3.441377e+01 
540 3.252481e+00 3.851413e+01 
560 3.257457e+00 3.826595e+01 
580 3.292529e+00 3.577513e+01 
600 3.297358e+00 3.465282e+01 
620 3.328975e+00 3.824283e+01 
640 3.294777e+00 3.399081e+01 
660 3.305217e+00 3.578445e+01 
680 3.312146e+00 3.805209e+01 
700 3.290263e+00 3.889665e+01 
720 3.303430e+00 4.133566e+01 
740 3.277225e+00 3.976197e+01 
760 3.262307e+00 4.465171e+01 
