version = 'MMult0';
MY_MMult = [
40 1.094017e+00 0.000000e+00 
80 8.634064e-01 0.000000e+00 
120 8.464364e-01 0.000000e+00 
160 8.592406e-01 0.000000e+00 
200 8.541077e-01 0.000000e+00 
240 8.411829e-01 0.000000e+00 
280 8.125706e-01 0.000000e+00 
320 8.085075e-01 0.000000e+00 
360 7.936516e-01 0.000000e+00 
400 7.879202e-01 0.000000e+00 
440 7.802376e-01 0.000000e+00 
480 7.725360e-01 0.000000e+00 
520 7.742603e-01 0.000000e+00 
560 7.710437e-01 0.000000e+00 
600 7.743059e-01 0.000000e+00 
640 7.786066e-01 0.000000e+00 
680 7.718254e-01 0.000000e+00 
720 7.711959e-01 0.000000e+00 
760 7.641588e-01 0.000000e+00 
800 7.341181e-01 0.000000e+00 
];
