version = 'MMult1x4_7';
MY_MMult = [
20 3.200000e+00 1.776357e-15 
40 2.285714e+00 3.108624e-15 
60 2.310160e+00 3.552714e-15 
80 2.348624e+00 5.773160e-15 
100 2.341920e+00 7.105427e-15 
120 2.336714e+00 7.105427e-15 
140 2.326409e+00 1.065814e-14 
160 2.316087e+00 1.332268e-14 
180 2.284371e+00 1.243450e-14 
200 2.314145e+00 1.421085e-14 
220 2.284488e+00 1.421085e-14 
240 2.209542e+00 1.598721e-14 
260 2.163599e+00 2.486900e-14 
280 2.174865e+00 2.131628e-14 
300 2.208047e+00 2.131628e-14 
320 2.209277e+00 2.309264e-14 
340 2.217746e+00 2.486900e-14 
360 2.202989e+00 2.309264e-14 
380 2.232202e+00 3.197442e-14 
400 2.241093e+00 2.486900e-14 
420 2.242780e+00 2.842171e-14 
440 2.219894e+00 3.375078e-14 
460 2.224060e+00 3.552714e-14 
480 2.205312e+00 3.907985e-14 
500 2.241590e+00 4.618528e-14 
520 2.205425e+00 4.263256e-14 
540 2.184179e+00 3.907985e-14 
560 2.133424e+00 3.907985e-14 
580 2.128580e+00 3.552714e-14 
600 2.104422e+00 4.263256e-14 
620 2.082213e+00 4.085621e-14 
640 2.045100e+00 4.796163e-14 
660 2.017601e+00 4.973799e-14 
680 1.986047e+00 4.618528e-14 
700 1.924053e+00 4.440892e-14 
720 1.927740e+00 5.151435e-14 
740 1.901639e+00 5.151435e-14 
760 1.870981e+00 4.973799e-14 
780 1.841365e+00 5.684342e-14 
800 1.806599e+00 6.394885e-14 
820 1.768506e+00 6.394885e-14 
840 1.734978e+00 5.684342e-14 
860 1.709212e+00 5.684342e-14 
880 1.687146e+00 7.105427e-14 
900 1.635385e+00 5.684342e-14 
920 1.593876e+00 5.684342e-14 
940 1.502459e+00 5.684342e-14 
960 1.407377e+00 6.750156e-14 
980 1.317013e+00 8.526513e-14 
1000 1.251104e+00 8.881784e-14 
1020 1.201757e+00 1.847411e-13 
1040 1.146184e+00 2.344791e-13 
1060 1.092736e+00 2.344791e-13 
1080 1.035136e+00 2.700062e-13 
1100 9.799255e-01 2.344791e-13 
1120 9.387189e-01 2.273737e-13 
1140 9.044780e-01 2.664535e-13 
1160 8.678674e-01 2.344791e-13 
];
