version = 'MMult1x2_3';
MY_MMult = [
40 1.084746e+00 0.000000e+00 
80 8.670618e-01 0.000000e+00 
120 8.631369e-01 0.000000e+00 
160 8.681645e-01 0.000000e+00 
200 8.655199e-01 0.000000e+00 
240 8.512577e-01 0.000000e+00 
280 8.437722e-01 0.000000e+00 
320 8.340036e-01 0.000000e+00 
360 8.390839e-01 0.000000e+00 
400 8.411645e-01 0.000000e+00 
440 8.371275e-01 0.000000e+00 
480 8.399499e-01 0.000000e+00 
520 8.384196e-01 0.000000e+00 
560 8.180895e-01 0.000000e+00 
600 8.292192e-01 0.000000e+00 
640 8.119282e-01 0.000000e+00 
680 8.142869e-01 0.000000e+00 
720 8.102092e-01 0.000000e+00 
760 7.865945e-01 0.000000e+00 
800 7.514444e-01 0.000000e+00 
];
