version = 'MMult1';
MY_MMult = [
40 1.132743e+00 0.000000e+00 
80 8.804815e-01 0.000000e+00 
120 8.668172e-01 0.000000e+00 
160 8.688090e-01 0.000000e+00 
200 8.417951e-01 0.000000e+00 
240 8.319442e-01 0.000000e+00 
280 8.171379e-01 0.000000e+00 
320 8.089566e-01 0.000000e+00 
360 8.213506e-01 0.000000e+00 
400 8.063754e-01 0.000000e+00 
440 8.101613e-01 0.000000e+00 
480 7.947283e-01 0.000000e+00 
520 7.981585e-01 0.000000e+00 
560 7.923962e-01 0.000000e+00 
600 7.940622e-01 0.000000e+00 
640 7.807958e-01 0.000000e+00 
680 7.829892e-01 0.000000e+00 
720 7.671776e-01 0.000000e+00 
760 7.560763e-01 0.000000e+00 
800 7.448508e-01 0.000000e+00 
];
