version = 'MMult2';
MY_MMult = [
40 1.094017e+00 0.000000e+00 
80 8.526228e-01 0.000000e+00 
120 8.624906e-01 0.000000e+00 
160 8.630426e-01 0.000000e+00 
200 8.673497e-01 0.000000e+00 
240 8.648108e-01 0.000000e+00 
280 8.570648e-01 0.000000e+00 
320 8.545127e-01 0.000000e+00 
360 8.542630e-01 0.000000e+00 
400 8.534927e-01 0.000000e+00 
440 8.537610e-01 0.000000e+00 
480 8.459573e-01 0.000000e+00 
520 8.480630e-01 0.000000e+00 
560 8.419357e-01 0.000000e+00 
600 8.375274e-01 0.000000e+00 
640 8.349040e-01 0.000000e+00 
680 8.049892e-01 0.000000e+00 
720 7.925251e-01 0.000000e+00 
760 7.744000e-01 0.000000e+00 
800 7.614419e-01 0.000000e+00 
];
