version = 'MMult0';
MY_MMult = [
40 1.084746e+00 0.000000e+00 
80 8.583403e-01 0.000000e+00 
120 8.605578e-01 0.000000e+00 
160 8.589703e-01 0.000000e+00 
200 8.496177e-01 0.000000e+00 
240 8.390895e-01 0.000000e+00 
280 8.246276e-01 0.000000e+00 
320 7.965772e-01 0.000000e+00 
360 7.778787e-01 0.000000e+00 
400 7.837806e-01 0.000000e+00 
440 7.741431e-01 0.000000e+00 
480 7.726601e-01 0.000000e+00 
520 7.628224e-01 0.000000e+00 
560 7.662146e-01 0.000000e+00 
600 7.709935e-01 0.000000e+00 
640 7.700684e-01 0.000000e+00 
680 7.657568e-01 0.000000e+00 
720 7.650602e-01 0.000000e+00 
760 7.630643e-01 0.000000e+00 
800 6.961260e-01 0.000000e+00 
];
