version = 'MMult4x4_7';
MY_MMult = [
20 5.333333e+00 1.776357e-15 
40 3.657143e+00 3.108624e-15 
60 3.692308e+00 3.552714e-15 
80 3.710145e+00 5.773160e-15 
100 3.669725e+00 7.105427e-15 
120 3.668790e+00 7.105427e-15 
140 3.622442e+00 1.065814e-14 
160 3.637655e+00 1.332268e-14 
180 3.548524e+00 1.243450e-14 
200 3.464703e+00 1.421085e-14 
220 3.400287e+00 1.421085e-14 
240 3.284391e+00 1.598721e-14 
260 3.218458e+00 2.486900e-14 
280 3.169506e+00 2.131628e-14 
300 3.091898e+00 2.131628e-14 
320 3.102296e+00 2.309264e-14 
340 3.133166e+00 2.486900e-14 
360 3.095028e+00 2.309264e-14 
380 3.050224e+00 3.197442e-14 
400 3.027866e+00 2.486900e-14 
420 3.016367e+00 2.842171e-14 
440 2.980442e+00 3.375078e-14 
460 2.848706e+00 3.552714e-14 
480 2.913076e+00 3.907985e-14 
500 2.914059e+00 4.618528e-14 
520 2.853739e+00 4.263256e-14 
540 2.948654e+00 3.907985e-14 
560 2.910489e+00 3.907985e-14 
580 2.869083e+00 3.552714e-14 
600 2.794597e+00 4.263256e-14 
620 2.787886e+00 4.085621e-14 
640 2.777979e+00 4.796163e-14 
660 2.725261e+00 4.973799e-14 
680 2.725009e+00 4.618528e-14 
700 2.714649e+00 4.440892e-14 
720 2.706353e+00 5.151435e-14 
740 2.675037e+00 5.151435e-14 
760 2.648310e+00 4.973799e-14 
780 2.654651e+00 5.684342e-14 
800 2.638713e+00 6.394885e-14 
820 2.654732e+00 6.394885e-14 
840 2.610151e+00 5.684342e-14 
860 2.585452e+00 5.684342e-14 
880 2.532322e+00 7.105427e-14 
900 2.501918e+00 5.684342e-14 
920 2.429069e+00 5.684342e-14 
940 2.363666e+00 5.684342e-14 
960 2.284950e+00 6.750156e-14 
980 2.293562e+00 8.526513e-14 
1000 2.250412e+00 8.881784e-14 
1020 2.196938e+00 1.847411e-13 
1040 2.124774e+00 2.344791e-13 
1060 2.080297e+00 2.344791e-13 
1080 2.025666e+00 2.700062e-13 
1100 1.957673e+00 2.344791e-13 
1120 1.959699e+00 2.273737e-13 
1140 1.927340e+00 2.664535e-13 
1160 1.864841e+00 2.344791e-13 
];
