version = 'MMult4x4_9';
MY_MMult = [
20 5.333333e+00 1.776357e-15 
40 3.657143e+00 3.108624e-15 
60 3.724138e+00 3.552714e-15 
80 3.723636e+00 5.773160e-15 
100 3.663004e+00 7.105427e-15 
120 3.622642e+00 7.105427e-15 
140 3.646512e+00 1.065814e-14 
160 3.567944e+00 1.332268e-14 
180 3.497451e+00 1.243450e-14 
200 3.485080e+00 1.421085e-14 
220 3.398117e+00 1.421085e-14 
240 3.273115e+00 1.598721e-14 
260 3.122402e+00 2.486900e-14 
280 3.138690e+00 2.131628e-14 
300 3.078502e+00 2.131628e-14 
320 3.140502e+00 2.309264e-14 
340 3.086055e+00 2.486900e-14 
360 3.096980e+00 2.309264e-14 
380 3.130266e+00 3.197442e-14 
400 3.105364e+00 2.486900e-14 
420 3.014464e+00 2.842171e-14 
440 2.913220e+00 3.375078e-14 
460 3.065749e+00 3.552714e-14 
480 3.069144e+00 3.907985e-14 
500 2.970603e+00 4.618528e-14 
520 2.995356e+00 4.263256e-14 
540 2.987535e+00 3.907985e-14 
560 2.965359e+00 3.907985e-14 
580 2.867797e+00 3.552714e-14 
600 2.771185e+00 4.263256e-14 
620 2.795472e+00 4.085621e-14 
640 2.789018e+00 4.796163e-14 
660 2.743793e+00 4.973799e-14 
680 2.701190e+00 4.618528e-14 
700 2.699406e+00 4.440892e-14 
720 2.712361e+00 5.151435e-14 
740 2.693780e+00 5.151435e-14 
760 2.677189e+00 4.973799e-14 
780 2.648946e+00 5.684342e-14 
800 2.649637e+00 6.394885e-14 
820 2.677005e+00 6.394885e-14 
840 2.581475e+00 5.684342e-14 
860 2.550258e+00 5.684342e-14 
880 2.500516e+00 7.105427e-14 
900 2.452865e+00 5.684342e-14 
920 2.334256e+00 5.684342e-14 
940 2.303789e+00 5.684342e-14 
960 2.303481e+00 6.750156e-14 
980 2.252504e+00 8.526513e-14 
1000 2.239486e+00 8.881784e-14 
1020 2.145534e+00 1.847411e-13 
1040 2.138110e+00 2.344791e-13 
1060 2.090780e+00 2.344791e-13 
1080 2.019790e+00 2.700062e-13 
1100 1.999839e+00 2.344791e-13 
1120 1.968152e+00 2.273737e-13 
1140 1.906249e+00 2.664535e-13 
1160 1.852580e+00 2.344791e-13 
];
