version = 'MMult0';
MY_MMult = [
20 1.230769e+00 0.000000e+00 
40 1.075630e+00 0.000000e+00 
60 8.674699e-01 0.000000e+00 
80 8.583403e-01 0.000000e+00 
100 8.613264e-01 0.000000e+00 
120 8.548108e-01 0.000000e+00 
140 8.633003e-01 0.000000e+00 
160 8.616809e-01 0.000000e+00 
180 8.618295e-01 0.000000e+00 
200 8.541533e-01 0.000000e+00 
220 8.266439e-01 0.000000e+00 
240 8.287521e-01 0.000000e+00 
260 8.223652e-01 0.000000e+00 
280 8.211267e-01 0.000000e+00 
300 8.118592e-01 0.000000e+00 
320 8.061802e-01 0.000000e+00 
340 7.923634e-01 0.000000e+00 
360 7.867327e-01 0.000000e+00 
380 7.855016e-01 0.000000e+00 
400 7.836895e-01 0.000000e+00 
420 7.807160e-01 0.000000e+00 
440 7.805522e-01 0.000000e+00 
460 7.756166e-01 0.000000e+00 
480 7.762313e-01 0.000000e+00 
500 7.739938e-01 0.000000e+00 
520 7.686101e-01 0.000000e+00 
540 7.734045e-01 0.000000e+00 
560 7.760078e-01 0.000000e+00 
580 7.735219e-01 0.000000e+00 
600 7.758244e-01 0.000000e+00 
620 7.726934e-01 0.000000e+00 
640 7.772803e-01 0.000000e+00 
660 7.770624e-01 0.000000e+00 
680 7.746548e-01 0.000000e+00 
700 7.732871e-01 0.000000e+00 
720 7.720229e-01 0.000000e+00 
740 7.671036e-01 0.000000e+00 
760 7.667013e-01 0.000000e+00 
780 7.623331e-01 0.000000e+00 
800 7.469932e-01 0.000000e+00 
820 7.362263e-01 0.000000e+00 
840 7.348137e-01 0.000000e+00 
860 7.307813e-01 0.000000e+00 
880 7.275064e-01 0.000000e+00 
900 7.255518e-01 0.000000e+00 
920 7.010587e-01 0.000000e+00 
940 6.289223e-01 0.000000e+00 
960 5.632899e-01 0.000000e+00 
980 5.134775e-01 0.000000e+00 
1000 4.724701e-01 0.000000e+00 
1020 4.374672e-01 0.000000e+00 
1040 4.099989e-01 0.000000e+00 
1060 3.805551e-01 0.000000e+00 
1080 3.438542e-01 0.000000e+00 
1100 3.095067e-01 0.000000e+00 
1120 2.874866e-01 0.000000e+00 
1140 2.687877e-01 0.000000e+00 
1160 2.528052e-01 0.000000e+00 
];
