version = 'MMult1';
MY_MMult = [
40 1.122807e+00 0.000000e+00 
80 8.782161e-01 0.000000e+00 
120 8.672522e-01 0.000000e+00 
160 8.701009e-01 0.000000e+00 
200 8.507471e-01 0.000000e+00 
240 8.296723e-01 0.000000e+00 
280 8.113692e-01 0.000000e+00 
320 8.041424e-01 0.000000e+00 
360 7.976135e-01 0.000000e+00 
400 8.071636e-01 0.000000e+00 
440 8.144214e-01 0.000000e+00 
480 8.095839e-01 0.000000e+00 
520 8.079062e-01 0.000000e+00 
560 7.914731e-01 0.000000e+00 
600 7.968230e-01 0.000000e+00 
640 7.838637e-01 0.000000e+00 
680 7.781343e-01 0.000000e+00 
720 7.638405e-01 0.000000e+00 
760 7.629244e-01 0.000000e+00 
800 7.430472e-01 0.000000e+00 
];
