version = 'MMult1';
MY_MMult = [
20 1.600000e+00 0.000000e+00 
40 1.132743e+00 0.000000e+00 
60 8.798371e-01 0.000000e+00 
80 8.782161e-01 0.000000e+00 
100 8.703220e-01 0.000000e+00 
120 8.707483e-01 0.000000e+00 
140 8.695928e-01 0.000000e+00 
160 8.649562e-01 0.000000e+00 
180 8.611931e-01 0.000000e+00 
200 8.359020e-01 0.000000e+00 
220 8.404104e-01 0.000000e+00 
240 8.210245e-01 0.000000e+00 
260 8.233668e-01 0.000000e+00 
280 8.074150e-01 0.000000e+00 
300 8.130081e-01 0.000000e+00 
320 8.070141e-01 0.000000e+00 
340 7.958289e-01 0.000000e+00 
360 8.121007e-01 0.000000e+00 
380 8.074815e-01 0.000000e+00 
400 8.139905e-01 0.000000e+00 
420 7.945136e-01 0.000000e+00 
440 7.946973e-01 0.000000e+00 
460 8.043201e-01 0.000000e+00 
480 8.016237e-01 0.000000e+00 
500 7.952312e-01 0.000000e+00 
520 7.781037e-01 0.000000e+00 
540 7.941857e-01 0.000000e+00 
560 7.736933e-01 0.000000e+00 
580 7.847847e-01 0.000000e+00 
600 7.688214e-01 0.000000e+00 
620 7.597904e-01 0.000000e+00 
640 7.531488e-01 0.000000e+00 
660 7.541690e-01 0.000000e+00 
680 7.444803e-01 0.000000e+00 
700 7.331167e-01 0.000000e+00 
720 7.249610e-01 0.000000e+00 
740 7.197469e-01 0.000000e+00 
760 7.224599e-01 0.000000e+00 
780 7.202973e-01 0.000000e+00 
800 7.079240e-01 0.000000e+00 
820 7.004082e-01 0.000000e+00 
840 6.953396e-01 0.000000e+00 
860 6.822318e-01 0.000000e+00 
880 6.775008e-01 0.000000e+00 
900 6.671575e-01 0.000000e+00 
920 6.443452e-01 0.000000e+00 
940 5.848919e-01 0.000000e+00 
960 5.333136e-01 0.000000e+00 
980 4.914982e-01 0.000000e+00 
1000 4.581620e-01 0.000000e+00 
1020 4.248691e-01 2.557954e-13 
1040 3.978922e-01 2.771117e-13 
1060 3.678300e-01 2.700062e-13 
1080 3.414496e-01 3.410605e-13 
1100 3.204016e-01 3.197442e-13 
1120 2.998668e-01 3.126388e-13 
1140 2.846384e-01 3.268497e-13 
1160 2.715289e-01 3.836931e-13 
];
