version = 'MMult4x4_11';
MY_MMult = [
20 5.333333e+00 1.776357e-15 
40 4.923077e+00 3.108624e-15 
60 4.965517e+00 3.552714e-15 
80 5.044335e+00 5.773160e-15 
100 5.000000e+00 7.105427e-15 
120 4.944206e+00 7.105427e-15 
140 5.039486e+00 1.065814e-14 
160 4.920120e+00 1.332268e-14 
180 4.720356e+00 1.243450e-14 
200 4.809137e+00 1.421085e-14 
220 4.690749e+00 1.421085e-14 
240 4.575211e+00 1.598721e-14 
260 4.337076e+00 2.486900e-14 
280 4.308538e+00 2.131628e-14 
300 4.316547e+00 2.131628e-14 
320 4.263336e+00 2.309264e-14 
340 4.295754e+00 2.486900e-14 
360 4.192290e+00 2.309264e-14 
380 4.251995e+00 3.197442e-14 
400 4.195346e+00 2.486900e-14 
420 4.237595e+00 2.842171e-14 
440 4.136150e+00 3.375078e-14 
460 4.177690e+00 3.552714e-14 
480 3.841801e+00 3.907985e-14 
500 3.984508e+00 4.618528e-14 
520 4.127033e+00 4.263256e-14 
540 4.031285e+00 3.907985e-14 
560 4.025905e+00 3.907985e-14 
580 3.992837e+00 3.552714e-14 
600 4.020400e+00 4.263256e-14 
620 3.995842e+00 4.085621e-14 
640 3.955995e+00 4.796163e-14 
660 3.883559e+00 4.973799e-14 
680 3.827954e+00 4.618528e-14 
700 3.602033e+00 4.440892e-14 
720 3.760875e+00 5.151435e-14 
740 3.705989e+00 5.151435e-14 
760 3.665219e+00 4.973799e-14 
780 3.616172e+00 5.684342e-14 
800 3.564578e+00 6.394885e-14 
820 3.527265e+00 6.394885e-14 
840 3.519453e+00 5.684342e-14 
860 3.478301e+00 5.684342e-14 
880 3.464234e+00 7.105427e-14 
900 3.393578e+00 5.684342e-14 
920 3.341198e+00 5.684342e-14 
940 3.164907e+00 5.684342e-14 
960 3.084074e+00 6.750156e-14 
980 3.031790e+00 8.526513e-14 
1000 2.921094e+00 8.881784e-14 
1020 2.860407e+00 1.847411e-13 
1040 2.745674e+00 2.344791e-13 
1060 2.658743e+00 2.344791e-13 
1080 2.540823e+00 2.700062e-13 
1100 2.516351e+00 2.344791e-13 
1120 2.441256e+00 2.273737e-13 
1140 2.363465e+00 2.664535e-13 
1160 2.302285e+00 2.344791e-13 
];
