version = 'MMult4x4_10';
MY_MMult = [
20 3.200000e+00 1.776357e-15 
40 3.200000e+00 3.108624e-15 
60 3.272727e+00 3.552714e-15 
80 3.335505e+00 5.773160e-15 
100 3.327787e+00 7.105427e-15 
120 3.335907e+00 7.105427e-15 
140 3.338200e+00 1.065814e-14 
160 3.320632e+00 1.332268e-14 
180 3.261745e+00 1.243450e-14 
200 3.245436e+00 1.421085e-14 
220 3.298126e+00 1.421085e-14 
240 3.064169e+00 1.598721e-14 
260 3.081617e+00 2.486900e-14 
280 2.926738e+00 2.131628e-14 
300 2.874022e+00 2.131628e-14 
320 2.700734e+00 2.309264e-14 
340 2.985492e+00 2.486900e-14 
360 2.931206e+00 2.309264e-14 
380 3.064191e+00 3.197442e-14 
400 3.114583e+00 2.486900e-14 
420 3.052595e+00 2.842171e-14 
440 3.024678e+00 3.375078e-14 
460 3.087777e+00 3.552714e-14 
480 2.982404e+00 3.907985e-14 
500 3.004086e+00 4.618528e-14 
520 2.996601e+00 4.263256e-14 
540 3.007707e+00 3.907985e-14 
560 3.024290e+00 3.907985e-14 
580 2.959000e+00 3.552714e-14 
600 2.978694e+00 4.263256e-14 
620 2.938675e+00 4.085621e-14 
640 2.870200e+00 4.796163e-14 
660 2.899928e+00 4.973799e-14 
680 2.861360e+00 4.618528e-14 
700 2.876503e+00 4.440892e-14 
720 2.816392e+00 5.151435e-14 
740 2.795824e+00 5.151435e-14 
760 2.788778e+00 4.973799e-14 
780 2.695644e+00 5.684342e-14 
800 2.719520e+00 6.394885e-14 
820 2.681699e+00 6.394885e-14 
840 2.648649e+00 5.684342e-14 
860 2.586319e+00 5.684342e-14 
880 2.579194e+00 7.105427e-14 
900 2.476744e+00 5.684342e-14 
920 2.427778e+00 5.684342e-14 
940 2.443624e+00 5.684342e-14 
960 2.326593e+00 6.750156e-14 
980 2.255111e+00 8.526513e-14 
1000 2.234510e+00 8.881784e-14 
1020 2.180995e+00 1.847411e-13 
1040 2.145281e+00 2.344791e-13 
1060 2.088159e+00 2.344791e-13 
1080 2.038404e+00 2.700062e-13 
1100 1.978375e+00 2.344791e-13 
1120 1.931943e+00 2.273737e-13 
1140 1.870666e+00 2.664535e-13 
1160 1.837308e+00 2.344791e-13 
];
