version = 'MMult0';
MY_MMult = [
40 1.066667e+00 0.000000e+00 
80 8.427984e-01 0.000000e+00 
120 8.533333e-01 0.000000e+00 
160 8.545796e-01 0.000000e+00 
200 8.466504e-01 0.000000e+00 
240 8.358931e-01 0.000000e+00 
280 8.121797e-01 0.000000e+00 
320 7.965094e-01 0.000000e+00 
360 7.854215e-01 0.000000e+00 
400 7.703882e-01 0.000000e+00 
440 7.705542e-01 0.000000e+00 
480 7.730030e-01 0.000000e+00 
520 7.688581e-01 0.000000e+00 
560 7.692031e-01 0.000000e+00 
600 7.709687e-01 0.000000e+00 
640 7.751875e-01 0.000000e+00 
680 7.674914e-01 0.000000e+00 
720 7.659504e-01 0.000000e+00 
760 7.668895e-01 0.000000e+00 
800 7.574463e-01 0.000000e+00 
];
