version = 'MMult2';
MY_MMult = [
20 1.600000e+00 0.000000e+00 
40 1.075630e+00 0.000000e+00 
60 8.692153e-01 0.000000e+00 
80 8.648649e-01 0.000000e+00 
100 8.726003e-01 0.000000e+00 
120 8.627059e-01 0.000000e+00 
140 8.682171e-01 0.000000e+00 
160 8.656874e-01 0.000000e+00 
180 8.637441e-01 0.000000e+00 
200 8.568980e-01 0.000000e+00 
220 8.467594e-01 0.000000e+00 
240 8.397522e-01 0.000000e+00 
260 8.357187e-01 0.000000e+00 
280 8.339317e-01 0.000000e+00 
300 8.338481e-01 0.000000e+00 
320 8.276629e-01 0.000000e+00 
340 8.320244e-01 0.000000e+00 
360 8.291747e-01 0.000000e+00 
380 8.357309e-01 0.000000e+00 
400 8.303116e-01 0.000000e+00 
420 8.409821e-01 0.000000e+00 
440 8.370206e-01 0.000000e+00 
460 8.357281e-01 0.000000e+00 
480 8.269179e-01 0.000000e+00 
500 8.155463e-01 0.000000e+00 
520 8.267144e-01 0.000000e+00 
540 8.265675e-01 0.000000e+00 
560 8.219356e-01 0.000000e+00 
580 8.103146e-01 0.000000e+00 
600 8.098380e-01 0.000000e+00 
620 8.136325e-01 0.000000e+00 
640 8.117622e-01 0.000000e+00 
660 8.099597e-01 0.000000e+00 
680 7.889023e-01 0.000000e+00 
700 7.840152e-01 0.000000e+00 
720 7.689747e-01 0.000000e+00 
740 7.736553e-01 0.000000e+00 
760 7.703847e-01 0.000000e+00 
780 7.659618e-01 0.000000e+00 
800 7.568624e-01 0.000000e+00 
820 7.515322e-01 0.000000e+00 
840 7.356842e-01 0.000000e+00 
860 7.174791e-01 0.000000e+00 
880 7.085930e-01 0.000000e+00 
900 6.963609e-01 0.000000e+00 
920 6.704127e-01 0.000000e+00 
940 6.077242e-01 0.000000e+00 
960 5.503830e-01 0.000000e+00 
980 5.057490e-01 0.000000e+00 
1000 4.683814e-01 0.000000e+00 
1020 4.372142e-01 2.557954e-13 
1040 4.108370e-01 2.415845e-13 
1060 3.827826e-01 2.700062e-13 
1080 3.527146e-01 3.410605e-13 
1100 3.291251e-01 3.055334e-13 
1120 3.078737e-01 3.126388e-13 
1140 2.898745e-01 3.197442e-13 
1160 2.753656e-01 3.055334e-13 
];
