version = 'MMult2';
MY_MMult = [
40 1.084746e+00 2.205040e+01 
80 7.751703e-01 3.017335e+01 
120 8.201234e-01 4.686827e+01 
160 8.643174e-01 5.723315e+01 
200 8.621619e-01 8.908474e+01 
240 8.547844e-01 1.096715e+02 
280 8.441454e-01 1.293636e+02 
320 8.414889e-01 1.079417e+02 
360 8.436661e-01 1.412631e+02 
400 8.383163e-01 1.976180e+02 
440 8.368520e-01 2.468361e+02 
480 8.346346e-01 2.441885e+02 
520 8.353711e-01 2.600592e+02 
560 8.385908e-01 2.711074e+02 
600 8.283781e-01 2.715765e+02 
640 8.320817e-01 3.125088e+02 
680 8.157075e-01 3.330581e+02 
720 8.077422e-01 3.756208e+02 
760 7.965906e-01 4.089496e+02 
800 7.826048e-01 4.140284e+02 
];
