version = 'MMult0';
MY_MMult = [
20 1.454545e+00 0.000000e+00 
40 1.113043e+00 0.000000e+00 
60 8.798371e-01 0.000000e+00 
80 8.804815e-01 0.000000e+00 
100 8.775779e-01 0.000000e+00 
120 8.663826e-01 0.000000e+00 
140 8.691796e-01 0.000000e+00 
160 8.722317e-01 0.000000e+00 
180 8.368489e-01 0.000000e+00 
200 8.525603e-01 0.000000e+00 
220 8.258425e-01 0.000000e+00 
240 8.235189e-01 0.000000e+00 
260 8.112811e-01 0.000000e+00 
280 8.045594e-01 0.000000e+00 
300 8.121278e-01 0.000000e+00 
320 8.091863e-01 0.000000e+00 
340 8.117391e-01 0.000000e+00 
360 8.095854e-01 0.000000e+00 
380 8.169245e-01 0.000000e+00 
400 8.124199e-01 0.000000e+00 
420 8.158753e-01 0.000000e+00 
440 8.128012e-01 0.000000e+00 
460 8.019939e-01 0.000000e+00 
480 8.035983e-01 0.000000e+00 
500 7.996290e-01 0.000000e+00 
520 7.886942e-01 0.000000e+00 
540 7.916842e-01 0.000000e+00 
560 7.825920e-01 0.000000e+00 
580 7.703548e-01 0.000000e+00 
600 7.793557e-01 0.000000e+00 
620 7.695360e-01 0.000000e+00 
640 7.637739e-01 0.000000e+00 
660 7.575033e-01 0.000000e+00 
680 7.457154e-01 0.000000e+00 
700 7.327338e-01 0.000000e+00 
720 7.355264e-01 0.000000e+00 
740 7.272062e-01 0.000000e+00 
760 7.149295e-01 0.000000e+00 
780 7.084013e-01 0.000000e+00 
800 6.875589e-01 0.000000e+00 
820 6.784310e-01 0.000000e+00 
840 6.703993e-01 0.000000e+00 
860 6.584751e-01 0.000000e+00 
880 6.514867e-01 0.000000e+00 
900 6.397054e-01 0.000000e+00 
920 6.075815e-01 0.000000e+00 
940 5.555999e-01 0.000000e+00 
960 5.132304e-01 0.000000e+00 
980 4.768001e-01 0.000000e+00 
1000 4.454372e-01 0.000000e+00 
1020 4.169407e-01 2.557954e-13 
1040 3.960838e-01 2.771117e-13 
1060 3.660894e-01 2.700062e-13 
1080 3.464373e-01 3.410605e-13 
1100 3.243451e-01 3.197442e-13 
1120 3.064382e-01 3.126388e-13 
1140 2.885306e-01 3.268497e-13 
1160 2.756410e-01 3.836931e-13 
];
