version = 'MMult4x4_9';
MY_MMult = [
20 5.333333e+00 1.776357e-15 
40 3.657143e+00 3.108624e-15 
60 3.692308e+00 3.552714e-15 
80 3.710145e+00 5.773160e-15 
100 3.584229e+00 7.105427e-15 
120 3.668790e+00 7.105427e-15 
140 3.622442e+00 1.065814e-14 
160 3.660411e+00 1.332268e-14 
180 3.592239e+00 1.243450e-14 
200 3.642158e+00 1.421085e-14 
220 3.558824e+00 1.421085e-14 
240 3.473803e+00 1.598721e-14 
260 3.263275e+00 2.486900e-14 
280 3.292388e+00 2.131628e-14 
300 3.257722e+00 2.131628e-14 
320 3.145627e+00 2.309264e-14 
340 3.127183e+00 2.486900e-14 
360 3.097185e+00 2.309264e-14 
380 3.086164e+00 3.197442e-14 
400 3.023075e+00 2.486900e-14 
420 3.022520e+00 2.842171e-14 
440 2.989332e+00 3.375078e-14 
460 2.973953e+00 3.552714e-14 
480 2.952506e+00 3.907985e-14 
500 2.959070e+00 4.618528e-14 
520 2.945009e+00 4.263256e-14 
540 2.979169e+00 3.907985e-14 
560 2.964283e+00 3.907985e-14 
580 2.951792e+00 3.552714e-14 
600 2.931497e+00 4.263256e-14 
620 2.957070e+00 4.085621e-14 
640 2.928329e+00 4.796163e-14 
660 2.909643e+00 4.973799e-14 
680 2.892739e+00 4.618528e-14 
700 2.879619e+00 4.440892e-14 
720 2.852880e+00 5.151435e-14 
740 2.835420e+00 5.151435e-14 
760 2.824495e+00 4.973799e-14 
780 2.755899e+00 5.684342e-14 
800 2.745375e+00 6.394885e-14 
820 2.668474e+00 6.394885e-14 
840 2.625308e+00 5.684342e-14 
860 2.593463e+00 5.684342e-14 
880 2.566237e+00 7.105427e-14 
900 2.542076e+00 5.684342e-14 
920 2.466384e+00 5.684342e-14 
940 2.456800e+00 5.684342e-14 
960 2.424482e+00 6.750156e-14 
980 2.340776e+00 8.526513e-14 
1000 2.277531e+00 8.881784e-14 
1020 2.253277e+00 1.847411e-13 
1040 2.200731e+00 2.344791e-13 
1060 2.142119e+00 2.344791e-13 
1080 2.073376e+00 2.700062e-13 
1100 2.010917e+00 2.344791e-13 
1120 1.978181e+00 2.273737e-13 
1140 1.942225e+00 2.664535e-13 
1160 1.895454e+00 2.344791e-13 
];
