version = 'MMult4x4_10';
MY_MMult = [
20 3.200000e+00 1.776357e-15 
40 3.121951e+00 3.108624e-15 
60 3.272727e+00 3.552714e-15 
80 3.357377e+00 5.773160e-15 
100 3.210273e+00 7.105427e-15 
120 3.297710e+00 7.105427e-15 
140 3.377231e+00 1.065814e-14 
160 3.301894e+00 1.332268e-14 
180 3.259011e+00 1.243450e-14 
200 3.262643e+00 1.421085e-14 
220 3.169048e+00 1.421085e-14 
240 3.099204e+00 1.598721e-14 
260 3.079727e+00 2.486900e-14 
280 2.969697e+00 2.131628e-14 
300 2.992187e+00 2.131628e-14 
320 3.002245e+00 2.309264e-14 
340 3.044933e+00 2.486900e-14 
360 3.046624e+00 2.309264e-14 
380 3.035543e+00 3.197442e-14 
400 2.961592e+00 2.486900e-14 
420 3.017841e+00 2.842171e-14 
440 2.969584e+00 3.375078e-14 
460 2.968511e+00 3.552714e-14 
480 3.018341e+00 3.907985e-14 
500 2.819125e+00 4.618528e-14 
520 2.981320e+00 4.263256e-14 
540 2.995321e+00 3.907985e-14 
560 2.979977e+00 3.907985e-14 
580 2.953893e+00 3.552714e-14 
600 2.952594e+00 4.263256e-14 
620 2.943502e+00 4.085621e-14 
640 2.944925e+00 4.796163e-14 
660 2.911219e+00 4.973799e-14 
680 2.909225e+00 4.618528e-14 
700 2.857988e+00 4.440892e-14 
720 2.837406e+00 5.151435e-14 
740 2.803872e+00 5.151435e-14 
760 2.804143e+00 4.973799e-14 
780 2.763675e+00 5.684342e-14 
800 2.750566e+00 6.394885e-14 
820 2.722140e+00 6.394885e-14 
840 2.688793e+00 5.684342e-14 
860 2.657625e+00 5.684342e-14 
880 2.622468e+00 7.105427e-14 
900 2.608117e+00 5.684342e-14 
920 2.556965e+00 5.684342e-14 
940 2.455929e+00 5.684342e-14 
960 2.394971e+00 6.750156e-14 
980 2.355294e+00 8.526513e-14 
1000 2.274387e+00 8.881784e-14 
1020 2.228715e+00 1.847411e-13 
1040 2.148136e+00 2.344791e-13 
1060 2.059874e+00 2.344791e-13 
1080 2.017381e+00 2.700062e-13 
1100 1.981923e+00 2.344791e-13 
1120 1.929706e+00 2.273737e-13 
1140 1.908406e+00 2.664535e-13 
1160 1.849868e+00 2.344791e-13 
];
