version = 'MMult1x4_3';
MY_MMult = [
20 1.600000e+00 0.000000e+00 
40 1.094017e+00 0.000000e+00 
60 8.657315e-01 0.000000e+00 
80 8.605042e-01 0.000000e+00 
100 8.646779e-01 0.000000e+00 
120 8.597015e-01 0.000000e+00 
140 8.646605e-01 0.000000e+00 
160 8.612279e-01 0.000000e+00 
180 8.625305e-01 0.000000e+00 
200 8.563935e-01 0.000000e+00 
220 8.566027e-01 0.000000e+00 
240 8.556044e-01 0.000000e+00 
260 8.549886e-01 0.000000e+00 
280 8.513972e-01 0.000000e+00 
300 8.553642e-01 0.000000e+00 
320 8.541563e-01 0.000000e+00 
340 8.512058e-01 0.000000e+00 
360 8.504945e-01 0.000000e+00 
380 8.495170e-01 0.000000e+00 
400 8.538912e-01 0.000000e+00 
420 8.479750e-01 0.000000e+00 
440 8.392636e-01 0.000000e+00 
460 8.412428e-01 0.000000e+00 
480 8.450007e-01 0.000000e+00 
500 8.457003e-01 0.000000e+00 
520 8.435881e-01 0.000000e+00 
540 8.416394e-01 0.000000e+00 
560 8.440683e-01 0.000000e+00 
580 8.391282e-01 0.000000e+00 
600 8.346955e-01 0.000000e+00 
620 8.320158e-01 0.000000e+00 
640 8.304355e-01 0.000000e+00 
660 8.252960e-01 0.000000e+00 
680 8.089407e-01 0.000000e+00 
700 7.832177e-01 0.000000e+00 
720 7.784165e-01 0.000000e+00 
740 7.771085e-01 0.000000e+00 
760 7.728526e-01 0.000000e+00 
780 7.717039e-01 0.000000e+00 
800 7.719289e-01 0.000000e+00 
820 7.034491e-01 0.000000e+00 
840 6.703143e-01 0.000000e+00 
860 6.450257e-01 0.000000e+00 
880 6.188033e-01 0.000000e+00 
900 6.002816e-01 0.000000e+00 
920 5.815985e-01 0.000000e+00 
940 5.426861e-01 0.000000e+00 
960 4.819703e-01 0.000000e+00 
980 4.490343e-01 0.000000e+00 
1000 4.275361e-01 0.000000e+00 
1020 4.091275e-01 2.060574e-13 
1040 3.912854e-01 2.273737e-13 
1060 3.766303e-01 2.415845e-13 
1080 3.363320e-01 2.913225e-13 
1100 3.086345e-01 3.055334e-13 
1120 2.891021e-01 3.126388e-13 
1140 2.702868e-01 3.126388e-13 
1160 2.529315e-01 2.984279e-13 
];
