version = 'MMult1';
MY_MMult = [
20 1.600000e+00 0.000000e+00 
40 1.132743e+00 0.000000e+00 
60 8.744939e-01 0.000000e+00 
80 8.774636e-01 0.000000e+00 
100 8.680556e-01 0.000000e+00 
120 8.582071e-01 0.000000e+00 
140 8.654786e-01 0.000000e+00 
160 8.632244e-01 0.000000e+00 
180 8.389556e-01 0.000000e+00 
200 8.478618e-01 0.000000e+00 
220 8.447441e-01 0.000000e+00 
240 8.305197e-01 0.000000e+00 
260 8.120683e-01 0.000000e+00 
280 8.149386e-01 0.000000e+00 
300 8.198837e-01 0.000000e+00 
320 8.094662e-01 0.000000e+00 
340 7.912628e-01 0.000000e+00 
360 8.104080e-01 0.000000e+00 
380 8.093932e-01 0.000000e+00 
400 8.056902e-01 0.000000e+00 
420 8.042902e-01 0.000000e+00 
440 8.070259e-01 0.000000e+00 
460 8.037721e-01 0.000000e+00 
480 7.935051e-01 0.000000e+00 
500 7.882233e-01 0.000000e+00 
520 7.977012e-01 0.000000e+00 
540 7.837851e-01 0.000000e+00 
560 7.791857e-01 0.000000e+00 
580 7.678144e-01 0.000000e+00 
600 7.713308e-01 0.000000e+00 
620 7.600399e-01 0.000000e+00 
640 7.636215e-01 0.000000e+00 
660 7.565505e-01 0.000000e+00 
680 7.459436e-01 0.000000e+00 
700 7.440283e-01 0.000000e+00 
720 7.275733e-01 0.000000e+00 
740 7.312295e-01 0.000000e+00 
760 7.297251e-01 0.000000e+00 
780 7.242133e-01 0.000000e+00 
800 7.195645e-01 0.000000e+00 
820 7.169441e-01 0.000000e+00 
840 7.122233e-01 0.000000e+00 
860 7.056958e-01 0.000000e+00 
880 7.055120e-01 0.000000e+00 
900 7.038561e-01 0.000000e+00 
920 6.917345e-01 0.000000e+00 
940 6.189273e-01 0.000000e+00 
960 5.553046e-01 0.000000e+00 
980 5.068539e-01 0.000000e+00 
1000 4.699504e-01 0.000000e+00 
1020 4.380366e-01 2.557954e-13 
1040 4.097567e-01 2.771117e-13 
1060 3.784830e-01 2.700062e-13 
1080 3.457934e-01 3.410605e-13 
1100 3.182792e-01 3.197442e-13 
1120 2.949423e-01 3.126388e-13 
1140 2.785970e-01 3.268497e-13 
1160 2.624756e-01 3.836931e-13 
];
