version = 'MMult4x4_16';
MY_MMult = [
20 5.333333e+00 1.776357e-15 
40 5.818182e+00 3.108624e-15 
60 6.171429e+00 3.552714e-15 
80 6.243902e+00 5.773160e-15 
100 5.797101e+00 7.105427e-15 
120 6.306569e+00 7.105427e-15 
140 6.131844e+00 1.243450e-14 
160 6.117999e+00 1.243450e-14 
180 6.177966e+00 1.598721e-14 
200 6.218422e+00 1.776357e-14 
220 6.263529e+00 2.486900e-14 
240 6.165923e+00 2.309264e-14 
260 6.274902e+00 2.842171e-14 
280 6.252350e+00 3.197442e-14 
300 6.310623e+00 3.197442e-14 
320 6.296090e+00 3.197442e-14 
340 6.359356e+00 4.263256e-14 
360 6.369420e+00 3.907985e-14 
380 6.423412e+00 4.618528e-14 
400 6.392329e+00 6.039613e-14 
420 6.421773e+00 5.329071e-14 
440 6.382258e+00 6.039613e-14 
460 6.410643e+00 5.329071e-14 
480 6.416152e+00 6.394885e-14 
500 6.436829e+00 6.394885e-14 
520 6.417526e+00 5.684342e-14 
540 6.435902e+00 7.460699e-14 
560 6.405953e+00 8.171241e-14 
580 6.436260e+00 7.815970e-14 
600 6.421691e+00 7.815970e-14 
620 6.462694e+00 8.526513e-14 
640 6.480051e+00 7.460699e-14 
660 6.462400e+00 7.460699e-14 
680 6.474390e+00 8.171241e-14 
700 6.488041e+00 8.526513e-14 
720 6.469779e+00 8.881784e-14 
740 6.436162e+00 7.815970e-14 
760 6.507783e+00 9.947598e-14 
780 6.451267e+00 1.030287e-13 
800 6.490255e+00 1.065814e-13 
820 6.413866e+00 1.278977e-13 
840 6.488631e+00 1.065814e-13 
860 6.475533e+00 9.947598e-14 
880 6.508029e+00 1.207923e-13 
900 6.465059e+00 1.492140e-13 
920 6.478458e+00 1.563194e-13 
940 6.495408e+00 1.101341e-13 
960 6.483696e+00 1.989520e-13 
980 6.488719e+00 1.492140e-13 
1000 6.518671e+00 1.421085e-13 
1020 6.528964e+00 1.847411e-13 
1040 6.484170e+00 1.847411e-13 
1060 6.498714e+00 2.238210e-13 
1080 6.502411e+00 2.913225e-13 
1100 6.513000e+00 2.486900e-13 
1120 6.508666e+00 2.273737e-13 
1140 6.511451e+00 2.557954e-13 
1160 6.513245e+00 2.700062e-13 
];
