version = 'MMult1';
MY_MMult = [
40 1.122807e+00 0.000000e+00 
80 8.774636e-01 0.000000e+00 
120 8.582071e-01 0.000000e+00 
160 8.677047e-01 0.000000e+00 
200 8.603538e-01 0.000000e+00 
240 8.326457e-01 0.000000e+00 
280 8.146664e-01 0.000000e+00 
320 8.156925e-01 0.000000e+00 
360 8.025113e-01 0.000000e+00 
400 8.114413e-01 0.000000e+00 
440 8.160559e-01 0.000000e+00 
480 8.058527e-01 0.000000e+00 
520 7.990975e-01 0.000000e+00 
560 7.936424e-01 0.000000e+00 
600 7.951569e-01 0.000000e+00 
640 7.897938e-01 0.000000e+00 
680 7.732023e-01 0.000000e+00 
720 7.597406e-01 0.000000e+00 
760 7.417911e-01 0.000000e+00 
800 7.155895e-01 0.000000e+00 
];
