version = 'MMult1x4_5';
MY_MMult = [
20 1.230769e+00 0.000000e+00 
40 1.207547e+00 0.000000e+00 
60 1.210084e+00 0.000000e+00 
80 1.207547e+00 0.000000e+00 
100 1.201201e+00 0.000000e+00 
120 1.194195e+00 0.000000e+00 
140 1.194862e+00 0.000000e+00 
160 1.194866e+00 0.000000e+00 
180 1.189718e+00 0.000000e+00 
200 1.188796e+00 0.000000e+00 
220 1.176315e+00 0.000000e+00 
240 1.158177e+00 0.000000e+00 
260 1.139560e+00 0.000000e+00 
280 1.152760e+00 0.000000e+00 
300 1.154364e+00 0.000000e+00 
320 1.148988e+00 0.000000e+00 
340 1.145005e+00 0.000000e+00 
360 1.154394e+00 0.000000e+00 
380 1.166968e+00 0.000000e+00 
400 1.166053e+00 0.000000e+00 
420 1.162566e+00 0.000000e+00 
440 1.165148e+00 0.000000e+00 
460 1.158921e+00 0.000000e+00 
480 1.158620e+00 0.000000e+00 
500 1.164009e+00 0.000000e+00 
520 1.152081e+00 0.000000e+00 
540 1.151158e+00 0.000000e+00 
560 1.148812e+00 0.000000e+00 
580 1.141063e+00 0.000000e+00 
600 1.139201e+00 0.000000e+00 
620 1.129776e+00 0.000000e+00 
640 1.118844e+00 0.000000e+00 
660 1.117972e+00 0.000000e+00 
680 1.103015e+00 0.000000e+00 
700 1.095973e+00 0.000000e+00 
720 1.088825e+00 0.000000e+00 
740 1.084158e+00 0.000000e+00 
760 1.077709e+00 0.000000e+00 
780 1.070767e+00 0.000000e+00 
800 1.063925e+00 0.000000e+00 
820 1.060232e+00 0.000000e+00 
840 1.053276e+00 0.000000e+00 
860 1.050274e+00 0.000000e+00 
880 1.043571e+00 0.000000e+00 
900 1.037699e+00 0.000000e+00 
920 1.020702e+00 0.000000e+00 
940 9.734785e-01 0.000000e+00 
960 9.306824e-01 0.000000e+00 
980 8.935395e-01 0.000000e+00 
1000 8.605911e-01 0.000000e+00 
1020 8.275255e-01 2.060574e-13 
1040 8.004742e-01 2.273737e-13 
1060 7.663794e-01 2.415845e-13 
1080 7.387723e-01 2.913225e-13 
1100 7.160767e-01 3.055334e-13 
1120 6.962964e-01 3.126388e-13 
1140 6.752355e-01 3.126388e-13 
1160 6.580034e-01 2.984279e-13 
];
