version = 'MMult1x4_4';
MY_MMult = [
20 1.454545e+00 0.000000e+00 
40 1.084746e+00 0.000000e+00 
60 8.692153e-01 0.000000e+00 
80 8.619529e-01 0.000000e+00 
100 8.703220e-01 0.000000e+00 
120 8.597015e-01 0.000000e+00 
140 8.562958e-01 0.000000e+00 
160 8.624974e-01 0.000000e+00 
180 8.658600e-01 0.000000e+00 
200 8.594757e-01 0.000000e+00 
220 8.577067e-01 0.000000e+00 
240 8.588736e-01 0.000000e+00 
260 8.527692e-01 0.000000e+00 
280 8.517771e-01 0.000000e+00 
300 8.522862e-01 0.000000e+00 
320 8.526561e-01 0.000000e+00 
340 8.470507e-01 0.000000e+00 
360 8.499444e-01 0.000000e+00 
380 8.445419e-01 0.000000e+00 
400 8.432925e-01 0.000000e+00 
420 8.464395e-01 0.000000e+00 
440 8.473406e-01 0.000000e+00 
460 8.460726e-01 0.000000e+00 
480 8.385328e-01 0.000000e+00 
500 8.407912e-01 0.000000e+00 
520 8.355374e-01 0.000000e+00 
540 8.351335e-01 0.000000e+00 
560 8.367528e-01 0.000000e+00 
580 8.297483e-01 0.000000e+00 
600 8.333687e-01 0.000000e+00 
620 8.324400e-01 0.000000e+00 
640 8.312822e-01 0.000000e+00 
660 8.270636e-01 0.000000e+00 
680 8.256503e-01 0.000000e+00 
700 8.181823e-01 0.000000e+00 
720 8.118879e-01 0.000000e+00 
740 8.107001e-01 0.000000e+00 
760 8.119682e-01 0.000000e+00 
780 8.052863e-01 0.000000e+00 
800 7.852791e-01 0.000000e+00 
820 7.697735e-01 0.000000e+00 
840 7.508465e-01 0.000000e+00 
860 7.378232e-01 0.000000e+00 
880 7.254611e-01 0.000000e+00 
900 7.125772e-01 0.000000e+00 
920 6.811980e-01 0.000000e+00 
940 6.143716e-01 0.000000e+00 
960 5.575000e-01 0.000000e+00 
980 5.059100e-01 0.000000e+00 
1000 4.647677e-01 0.000000e+00 
1020 4.289261e-01 2.060574e-13 
1040 4.001751e-01 2.273737e-13 
1060 3.722301e-01 2.415845e-13 
1080 3.431275e-01 2.913225e-13 
1100 3.190874e-01 3.055334e-13 
1120 2.998720e-01 3.126388e-13 
1140 2.853534e-01 3.126388e-13 
1160 2.720597e-01 2.984279e-13 
];
