version = 'MMult4x4_15';
MY_MMult = [
20 4.000000e+00 1.776357e-15 
40 5.565217e+00 3.108624e-15 
60 6.084507e+00 3.552714e-15 
80 6.243902e+00 5.773160e-15 
100 6.172840e+00 7.105427e-15 
120 6.227027e+00 7.105427e-15 
140 5.869519e+00 1.243450e-14 
160 6.306390e+00 1.243450e-14 
180 6.301459e+00 1.598721e-14 
200 6.274510e+00 1.776357e-14 
220 6.383693e+00 2.486900e-14 
240 6.241084e+00 2.309264e-14 
260 6.124042e+00 2.842171e-14 
280 6.289070e+00 3.197442e-14 
300 6.211895e+00 3.197442e-14 
320 6.224924e+00 3.197442e-14 
340 6.222433e+00 4.263256e-14 
360 6.212103e+00 3.907985e-14 
380 6.243259e+00 4.618528e-14 
400 6.317556e+00 6.039613e-14 
420 6.278378e+00 5.329071e-14 
440 6.381063e+00 6.039613e-14 
460 6.398843e+00 5.329071e-14 
480 6.304053e+00 6.394885e-14 
500 6.376412e+00 6.394885e-14 
520 6.237463e+00 5.684342e-14 
540 6.236692e+00 7.460699e-14 
560 6.298657e+00 8.171241e-14 
580 6.292616e+00 7.815970e-14 
600 6.353969e+00 7.815970e-14 
620 6.343572e+00 8.526513e-14 
640 6.321674e+00 7.460699e-14 
660 6.306742e+00 7.460699e-14 
680 6.342232e+00 8.171241e-14 
700 6.356678e+00 8.526513e-14 
720 6.343602e+00 8.881784e-14 
740 6.356305e+00 7.815970e-14 
760 6.284193e+00 9.947598e-14 
780 6.285582e+00 1.030287e-13 
800 6.328801e+00 1.065814e-13 
820 6.350922e+00 1.278977e-13 
840 6.354065e+00 1.065814e-13 
860 6.368361e+00 9.947598e-14 
880 6.348191e+00 1.207923e-13 
900 6.341391e+00 1.492140e-13 
920 6.363130e+00 1.563194e-13 
940 6.362824e+00 1.101341e-13 
960 6.382847e+00 1.989520e-13 
980 6.357880e+00 1.492140e-13 
1000 6.384697e+00 1.421085e-13 
1020 6.389355e+00 1.847411e-13 
1040 6.340870e+00 1.847411e-13 
1060 6.331184e+00 2.238210e-13 
1080 6.351852e+00 2.913225e-13 
1100 6.350706e+00 2.486900e-13 
1120 6.353590e+00 2.273737e-13 
1140 6.391875e+00 2.557954e-13 
1160 6.307504e+00 2.700062e-13 
];
