version = 'MMult1x4_6';
MY_MMult = [
20 3.200000e+00 1.776357e-15 
40 2.285714e+00 3.108624e-15 
60 2.322581e+00 3.552714e-15 
80 2.321995e+00 5.773160e-15 
100 2.320186e+00 7.105427e-15 
120 2.330411e+00 7.105427e-15 
140 2.337308e+00 1.065814e-14 
160 2.325951e+00 1.332268e-14 
180 2.286162e+00 1.243450e-14 
200 2.305143e+00 1.421085e-14 
220 2.267462e+00 1.421085e-14 
240 2.260670e+00 1.598721e-14 
260 2.206654e+00 2.486900e-14 
280 2.187326e+00 2.131628e-14 
300 2.159741e+00 2.131628e-14 
320 2.174675e+00 2.309264e-14 
340 2.196859e+00 2.486900e-14 
360 2.182788e+00 2.309264e-14 
380 2.206885e+00 3.197442e-14 
400 2.196143e+00 2.486900e-14 
420 2.232070e+00 2.842171e-14 
440 2.228810e+00 3.375078e-14 
460 2.203443e+00 3.552714e-14 
480 2.210602e+00 3.907985e-14 
500 2.205830e+00 4.618528e-14 
520 2.143529e+00 4.263256e-14 
540 2.179161e+00 3.907985e-14 
560 2.108792e+00 3.907985e-14 
580 2.129695e+00 3.552714e-14 
600 2.083052e+00 4.263256e-14 
620 2.067904e+00 4.085621e-14 
640 2.036679e+00 4.796163e-14 
660 1.991507e+00 4.973799e-14 
680 1.977889e+00 4.618528e-14 
700 1.907468e+00 4.440892e-14 
720 1.906778e+00 5.151435e-14 
740 1.879143e+00 5.151435e-14 
760 1.857443e+00 4.973799e-14 
780 1.840091e+00 5.684342e-14 
800 1.797775e+00 6.394885e-14 
820 1.756702e+00 6.394885e-14 
840 1.721755e+00 5.684342e-14 
860 1.691256e+00 5.684342e-14 
880 1.661634e+00 7.105427e-14 
900 1.595675e+00 5.684342e-14 
920 1.496726e+00 5.684342e-14 
940 1.403732e+00 5.684342e-14 
960 1.322179e+00 6.750156e-14 
980 1.259089e+00 8.526513e-14 
1000 1.197460e+00 8.881784e-14 
1020 1.158386e+00 1.847411e-13 
1040 1.126393e+00 2.344791e-13 
1060 1.073887e+00 2.344791e-13 
1080 1.027642e+00 2.700062e-13 
1100 9.818867e-01 2.344791e-13 
1120 9.423633e-01 2.273737e-13 
1140 9.068015e-01 2.664535e-13 
1160 8.625262e-01 2.344791e-13 
];
