version = 'MMult4x4_16';
MY_MMult = [
20 5.333333e+00 1.776357e-15 
40 5.818182e+00 3.108624e-15 
60 6.084507e+00 3.552714e-15 
80 6.282209e+00 5.773160e-15 
100 5.865103e+00 7.105427e-15 
120 6.364641e+00 7.105427e-15 
140 6.308046e+00 1.243450e-14 
160 6.187311e+00 1.243450e-14 
180 6.287871e+00 1.598721e-14 
200 6.301694e+00 1.776357e-14 
220 6.285714e+00 2.486900e-14 
240 6.351482e+00 2.309264e-14 
260 6.305291e+00 2.842171e-14 
280 6.286369e+00 3.197442e-14 
300 6.298111e+00 3.197442e-14 
320 6.349772e+00 3.197442e-14 
340 6.403910e+00 4.263256e-14 
360 6.384673e+00 3.907985e-14 
380 6.442266e+00 4.618528e-14 
400 6.423123e+00 6.039613e-14 
420 6.440755e+00 5.329071e-14 
440 6.454800e+00 6.039613e-14 
460 6.456354e+00 5.329071e-14 
480 6.489570e+00 6.394885e-14 
500 6.482730e+00 6.394885e-14 
520 6.437211e+00 5.684342e-14 
540 6.432484e+00 7.460699e-14 
560 6.424819e+00 8.171241e-14 
580 6.480189e+00 7.815970e-14 
600 6.495557e+00 7.815970e-14 
620 6.521940e+00 8.526513e-14 
640 6.496109e+00 7.460699e-14 
660 6.486311e+00 7.460699e-14 
680 6.509238e+00 8.171241e-14 
700 6.490373e+00 8.526513e-14 
720 6.533939e+00 8.881784e-14 
740 6.548175e+00 7.815970e-14 
760 6.527233e+00 9.947598e-14 
780 6.511505e+00 1.030287e-13 
800 6.493506e+00 1.065814e-13 
820 6.504934e+00 1.278977e-13 
840 6.528620e+00 1.065814e-13 
860 6.511030e+00 9.947598e-14 
880 6.553876e+00 1.207923e-13 
900 6.527871e+00 1.492140e-13 
920 6.509953e+00 1.563194e-13 
940 6.538178e+00 1.101341e-13 
960 6.523736e+00 1.989520e-13 
980 6.545419e+00 1.492140e-13 
1000 6.575141e+00 1.421085e-13 
