version = 'MMult4x4_12';
MY_MMult = [
20 5.333333e+00 1.776357e-15 
40 4.740741e+00 3.108624e-15 
60 4.909091e+00 3.552714e-15 
80 4.995122e+00 5.773160e-15 
100 4.975124e+00 7.105427e-15 
120 4.930100e+00 7.105427e-15 
140 4.797203e+00 1.243450e-14 
160 4.896593e+00 1.243450e-14 
180 4.921519e+00 1.598721e-14 
200 4.848485e+00 1.776357e-14 
220 4.819190e+00 2.486900e-14 
240 4.843728e+00 2.309264e-14 
260 4.745140e+00 2.842171e-14 
280 4.852343e+00 3.197442e-14 
300 4.770318e+00 3.197442e-14 
320 4.744516e+00 3.197442e-14 
340 4.816667e+00 4.263256e-14 
360 4.817346e+00 3.907985e-14 
380 4.803221e+00 4.618528e-14 
400 4.771312e+00 6.039613e-14 
420 4.777713e+00 5.329071e-14 
440 4.785080e+00 6.039613e-14 
460 4.754476e+00 5.329071e-14 
480 4.761663e+00 6.394885e-14 
500 4.774181e+00 6.394885e-14 
520 4.743780e+00 5.684342e-14 
540 4.763481e+00 7.460699e-14 
560 4.760531e+00 8.171241e-14 
580 4.745576e+00 7.815970e-14 
600 4.769317e+00 7.815970e-14 
620 4.790464e+00 8.526513e-14 
640 4.809011e+00 7.460699e-14 
660 4.841263e+00 7.460699e-14 
680 4.813607e+00 8.171241e-14 
700 4.808670e+00 8.526513e-14 
720 4.841341e+00 8.881784e-14 
740 4.811922e+00 7.815970e-14 
760 4.817559e+00 9.947598e-14 
780 4.790382e+00 1.030287e-13 
800 4.798928e+00 1.065814e-13 
820 4.794921e+00 1.278977e-13 
840 4.810206e+00 1.065814e-13 
860 4.813046e+00 9.947598e-14 
880 4.825076e+00 1.207923e-13 
900 4.823071e+00 1.492140e-13 
920 4.828788e+00 1.563194e-13 
940 4.824531e+00 1.101341e-13 
960 4.808282e+00 1.989520e-13 
980 4.809558e+00 1.492140e-13 
1000 4.839381e+00 1.421085e-13 
1020 4.814656e+00 1.847411e-13 
1040 4.817993e+00 1.847411e-13 
1060 4.793255e+00 2.238210e-13 
1080 4.804329e+00 2.913225e-13 
1100 4.815154e+00 2.486900e-13 
1120 4.849211e+00 2.273737e-13 
1140 4.840919e+00 2.557954e-13 
1160 4.854302e+00 2.700062e-13 
];
