version = 'MMult0';
MY_MMult = [
20 1.454545e+00 0.000000e+00 
40 1.132743e+00 0.000000e+00 
60 8.762677e-01 0.000000e+00 
80 8.789700e-01 0.000000e+00 
100 8.771930e-01 0.000000e+00 
120 8.620604e-01 0.000000e+00 
140 8.618090e-01 0.000000e+00 
160 8.675209e-01 0.000000e+00 
180 8.580887e-01 0.000000e+00 
200 8.458001e-01 0.000000e+00 
220 8.336987e-01 0.000000e+00 
240 8.167317e-01 0.000000e+00 
260 8.065160e-01 0.000000e+00 
280 8.078013e-01 0.000000e+00 
300 8.058619e-01 0.000000e+00 
320 7.915358e-01 0.000000e+00 
340 7.983101e-01 0.000000e+00 
360 8.026148e-01 0.000000e+00 
380 8.097276e-01 0.000000e+00 
400 8.170456e-01 0.000000e+00 
420 8.151706e-01 0.000000e+00 
440 8.085771e-01 0.000000e+00 
460 7.993791e-01 0.000000e+00 
480 7.974934e-01 0.000000e+00 
500 7.953880e-01 0.000000e+00 
520 7.928903e-01 0.000000e+00 
540 7.895544e-01 0.000000e+00 
560 7.824055e-01 0.000000e+00 
580 7.771776e-01 0.000000e+00 
600 7.689720e-01 0.000000e+00 
620 7.668544e-01 0.000000e+00 
640 7.565527e-01 0.000000e+00 
660 7.603733e-01 0.000000e+00 
680 7.514144e-01 0.000000e+00 
700 7.530600e-01 0.000000e+00 
720 7.417901e-01 0.000000e+00 
740 7.361432e-01 0.000000e+00 
760 7.354436e-01 0.000000e+00 
780 7.327348e-01 0.000000e+00 
800 7.164827e-01 0.000000e+00 
820 6.999365e-01 0.000000e+00 
840 6.894605e-01 0.000000e+00 
860 6.782062e-01 0.000000e+00 
880 6.719531e-01 0.000000e+00 
900 6.620060e-01 0.000000e+00 
920 6.430549e-01 0.000000e+00 
940 5.878509e-01 0.000000e+00 
960 5.351091e-01 0.000000e+00 
980 4.910931e-01 0.000000e+00 
1000 4.554215e-01 0.000000e+00 
1020 4.231493e-01 2.557954e-13 
1040 3.976381e-01 2.771117e-13 
1060 3.686982e-01 2.700062e-13 
1080 3.423707e-01 3.410605e-13 
1100 3.180294e-01 3.197442e-13 
1120 2.999264e-01 3.126388e-13 
1140 2.844538e-01 3.268497e-13 
1160 2.712645e-01 3.836931e-13 
];
