version = 'MMult4x4_10';
MY_MMult = [
20 5.333333e+00 1.776357e-15 
40 4.923077e+00 3.108624e-15 
60 4.965517e+00 3.552714e-15 
80 4.995122e+00 5.773160e-15 
100 4.926108e+00 7.105427e-15 
120 4.994220e+00 7.105427e-15 
140 4.805604e+00 1.065814e-14 
160 4.841608e+00 1.332268e-14 
180 4.697543e+00 1.243450e-14 
200 4.729530e+00 1.421085e-14 
220 4.577816e+00 1.421085e-14 
240 4.366393e+00 1.598721e-14 
260 4.333868e+00 2.486900e-14 
280 4.169817e+00 2.131628e-14 
300 4.230980e+00 2.131628e-14 
320 3.744059e+00 2.309264e-14 
340 4.111727e+00 2.486900e-14 
360 4.131226e+00 2.309264e-14 
380 4.135041e+00 3.197442e-14 
400 4.192323e+00 2.486900e-14 
420 4.166343e+00 2.842171e-14 
440 4.129733e+00 3.375078e-14 
460 4.114208e+00 3.552714e-14 
480 4.086767e+00 3.907985e-14 
500 4.052127e+00 4.618528e-14 
520 3.990634e+00 4.263256e-14 
540 4.061438e+00 3.907985e-14 
560 4.045939e+00 3.907985e-14 
580 4.037496e+00 3.552714e-14 
600 4.012111e+00 4.263256e-14 
620 3.988586e+00 4.085621e-14 
640 3.988255e+00 4.796163e-14 
660 3.935552e+00 4.973799e-14 
680 3.922849e+00 4.618528e-14 
700 3.827634e+00 4.440892e-14 
720 3.823303e+00 5.151435e-14 
740 3.777643e+00 5.151435e-14 
760 3.755960e+00 4.973799e-14 
780 3.703531e+00 5.684342e-14 
800 3.654950e+00 6.394885e-14 
820 3.557534e+00 6.394885e-14 
840 3.489748e+00 5.684342e-14 
860 3.457333e+00 5.684342e-14 
880 3.399863e+00 7.105427e-14 
900 3.370841e+00 5.684342e-14 
920 3.318063e+00 5.684342e-14 
940 3.242828e+00 5.684342e-14 
960 3.139466e+00 6.750156e-14 
980 3.002078e+00 8.526513e-14 
1000 2.929115e+00 8.881784e-14 
1020 2.882852e+00 1.847411e-13 
1040 2.755325e+00 2.344791e-13 
1060 2.680190e+00 2.344791e-13 
1080 2.566792e+00 2.700062e-13 
1100 2.518725e+00 2.344791e-13 
1120 2.450041e+00 2.273737e-13 
1140 2.350124e+00 2.664535e-13 
1160 2.319728e+00 2.344791e-13 
];
