version = 'MMult0';
MY_MMult = [
40 1.084746e+00 0.000000e+00 
80 8.641350e-01 0.000000e+00 
120 8.633525e-01 0.000000e+00 
160 8.618622e-01 0.000000e+00 
200 8.537887e-01 0.000000e+00 
240 8.393188e-01 0.000000e+00 
280 8.265994e-01 0.000000e+00 
320 8.073223e-01 0.000000e+00 
360 7.889344e-01 0.000000e+00 
400 7.854736e-01 0.000000e+00 
440 7.780782e-01 0.000000e+00 
480 7.720129e-01 0.000000e+00 
520 7.722850e-01 0.000000e+00 
560 7.674954e-01 0.000000e+00 
600 7.748170e-01 0.000000e+00 
640 7.711331e-01 0.000000e+00 
680 7.713406e-01 0.000000e+00 
720 7.703324e-01 0.000000e+00 
760 7.591234e-01 0.000000e+00 
800 7.463437e-01 0.000000e+00 
];
