version = 'MMult1x4_8';
MY_MMult = [
20 3.200000e+00 1.776357e-15 
40 2.285714e+00 3.108624e-15 
60 2.347826e+00 3.552714e-15 
80 2.386946e+00 5.773160e-15 
100 2.364066e+00 7.105427e-15 
120 2.368746e+00 7.105427e-15 
140 2.391285e+00 1.065814e-14 
160 2.351995e+00 1.332268e-14 
180 2.329073e+00 1.243450e-14 
200 2.335766e+00 1.421085e-14 
220 2.240505e+00 1.421085e-14 
240 2.297872e+00 1.598721e-14 
260 2.273445e+00 2.486900e-14 
280 2.237260e+00 2.131628e-14 
300 2.252910e+00 2.131628e-14 
320 2.212783e+00 2.309264e-14 
340 2.232548e+00 2.486900e-14 
360 2.204342e+00 2.309264e-14 
380 2.233338e+00 3.197442e-14 
400 2.261404e+00 2.486900e-14 
420 2.266173e+00 2.842171e-14 
440 2.246414e+00 3.375078e-14 
460 2.247374e+00 3.552714e-14 
480 2.210602e+00 3.907985e-14 
500 2.247656e+00 4.618528e-14 
520 2.195491e+00 4.263256e-14 
540 2.191703e+00 3.907985e-14 
560 2.159315e+00 3.907985e-14 
580 2.142581e+00 3.552714e-14 
600 2.106033e+00 4.263256e-14 
620 2.085246e+00 4.085621e-14 
640 2.056757e+00 4.796163e-14 
660 2.041513e+00 4.973799e-14 
680 2.018916e+00 4.618528e-14 
700 1.969753e+00 4.440892e-14 
720 1.919368e+00 5.151435e-14 
740 1.888417e+00 5.151435e-14 
760 1.858442e+00 4.973799e-14 
780 1.833918e+00 5.684342e-14 
800 1.795181e+00 6.394885e-14 
820 1.773472e+00 6.394885e-14 
840 1.745820e+00 5.684342e-14 
860 1.716433e+00 5.684342e-14 
880 1.699264e+00 7.105427e-14 
900 1.672110e+00 5.684342e-14 
920 1.635975e+00 5.684342e-14 
940 1.509751e+00 5.684342e-14 
960 1.406817e+00 6.750156e-14 
980 1.327265e+00 8.526513e-14 
1000 1.256838e+00 8.881784e-14 
1020 1.198016e+00 1.847411e-13 
1040 1.137879e+00 2.344791e-13 
1060 1.090776e+00 2.344791e-13 
1080 1.033123e+00 2.700062e-13 
1100 9.847628e-01 2.344791e-13 
1120 9.428512e-01 2.273737e-13 
1140 9.070710e-01 2.664535e-13 
1160 8.733211e-01 2.344791e-13 
];
