version = 'MMult4x4_17';
MY_MMult = [
20 5.333333e+00 1.776357e-15 
40 5.818182e+00 3.108624e-15 
60 6.000000e+00 3.552714e-15 
80 6.206061e+00 5.773160e-15 
100 6.153846e+00 7.105427e-15 
120 6.352941e+00 7.105427e-15 
140 6.084257e+00 1.243450e-14 
160 6.131737e+00 1.243450e-14 
180 6.184517e+00 1.598721e-14 
200 6.294256e+00 1.776357e-14 
220 6.298728e+00 2.486900e-14 
240 6.299385e+00 2.309264e-14 
260 6.190912e+00 2.842171e-14 
280 6.191510e+00 3.197442e-14 
300 6.186984e+00 3.197442e-14 
320 6.320988e+00 3.197442e-14 
340 6.341400e+00 4.263256e-14 
360 6.308701e+00 3.907985e-14 
380 6.378982e+00 4.618528e-14 
400 6.337889e+00 6.039613e-14 
420 6.373984e+00 5.329071e-14 
440 6.389918e+00 6.039613e-14 
460 6.404106e+00 5.329071e-14 
480 6.399444e+00 6.394885e-14 
500 6.384718e+00 6.394885e-14 
520 6.319603e+00 5.684342e-14 
540 6.347307e+00 7.460699e-14 
560 6.352771e+00 8.171241e-14 
580 6.383093e+00 7.815970e-14 
600 6.395452e+00 7.815970e-14 
620 6.399957e+00 8.526513e-14 
640 6.405865e+00 7.460699e-14 
660 6.370397e+00 7.460699e-14 
680 6.408740e+00 8.171241e-14 
700 6.416672e+00 8.526513e-14 
720 6.420974e+00 8.881784e-14 
740 6.425548e+00 7.815970e-14 
760 6.430469e+00 9.947598e-14 
780 6.377059e+00 1.030287e-13 
800 6.408692e+00 1.065814e-13 
820 6.382276e+00 1.278977e-13 
840 6.417115e+00 1.065814e-13 
860 6.437749e+00 9.947598e-14 
880 6.434201e+00 1.207923e-13 
900 6.404878e+00 1.492140e-13 
920 6.426913e+00 1.563194e-13 
940 6.437189e+00 1.101341e-13 
960 6.425961e+00 1.989520e-13 
980 6.453947e+00 1.492140e-13 
1000 6.465608e+00 1.421085e-13 
1020 6.448662e+00 1.847411e-13 
1040 6.423885e+00 1.847411e-13 
1060 6.437455e+00 2.238210e-13 
1080 6.442287e+00 2.913225e-13 
1100 6.452551e+00 2.486900e-13 
1120 6.455729e+00 2.273737e-13 
1140 6.436976e+00 2.557954e-13 
1160 6.437614e+00 2.700062e-13 
];
