version = 'MMult4x4_12';
MY_MMult = [
20 8.000000e+00 1.776357e-15 
40 4.923077e+00 3.108624e-15 
60 4.965517e+00 3.552714e-15 
80 5.044335e+00 5.773160e-15 
100 4.975124e+00 7.105427e-15 
120 4.874471e+00 7.105427e-15 
140 4.984559e+00 1.243450e-14 
160 4.850207e+00 1.243450e-14 
180 4.827815e+00 1.598721e-14 
200 4.847016e+00 1.776357e-14 
220 4.873227e+00 2.486900e-14 
240 4.825973e+00 2.309264e-14 
260 4.819964e+00 2.842171e-14 
280 4.429379e+00 3.197442e-14 
300 4.705062e+00 3.197442e-14 
320 4.678803e+00 3.197442e-14 
340 4.718651e+00 4.263256e-14 
360 4.721073e+00 3.907985e-14 
380 4.759889e+00 4.618528e-14 
400 4.768469e+00 6.039613e-14 
420 4.709682e+00 5.329071e-14 
440 4.673891e+00 6.039613e-14 
460 4.786271e+00 5.329071e-14 
480 4.755725e+00 6.394885e-14 
500 4.753665e+00 6.394885e-14 
520 4.705048e+00 5.684342e-14 
540 4.708288e+00 7.460699e-14 
560 4.779447e+00 8.171241e-14 
580 4.769415e+00 7.815970e-14 
600 4.772426e+00 7.815970e-14 
620 4.793066e+00 8.526513e-14 
640 4.760888e+00 7.460699e-14 
660 4.818140e+00 7.460699e-14 
680 4.786604e+00 8.171241e-14 
700 4.817517e+00 8.526513e-14 
720 4.820831e+00 8.881784e-14 
740 4.802199e+00 7.815970e-14 
760 4.819067e+00 9.947598e-14 
780 4.791978e+00 1.030287e-13 
800 4.785449e+00 1.065814e-13 
820 4.793504e+00 1.278977e-13 
840 4.795340e+00 1.065814e-13 
860 4.796513e+00 9.947598e-14 
880 4.783132e+00 1.207923e-13 
900 4.807613e+00 1.492140e-13 
920 4.828249e+00 1.563194e-13 
940 4.815985e+00 1.101341e-13 
960 4.813004e+00 1.989520e-13 
980 4.825524e+00 1.492140e-13 
1000 4.836081e+00 1.421085e-13 
1020 4.857365e+00 1.847411e-13 
1040 4.817580e+00 1.847411e-13 
1060 4.803113e+00 2.238210e-13 
1080 4.818176e+00 2.913225e-13 
1100 4.793512e+00 2.486900e-13 
1120 4.816940e+00 2.273737e-13 
1140 4.819667e+00 2.557954e-13 
1160 4.836583e+00 2.700062e-13 
];
