version = 'MMult4x4_6';
MY_MMult = [
20 5.333333e+00 1.776357e-15 
40 3.657143e+00 3.108624e-15 
60 3.661017e+00 3.552714e-15 
80 3.683453e+00 5.773160e-15 
100 3.552398e+00 7.105427e-15 
120 3.615063e+00 7.105427e-15 
140 3.639257e+00 1.065814e-14 
160 3.607221e+00 1.332268e-14 
180 3.467301e+00 1.243450e-14 
200 3.512623e+00 1.421085e-14 
220 3.487717e+00 1.421085e-14 
240 3.276994e+00 1.598721e-14 
260 3.139973e+00 2.486900e-14 
280 3.055041e+00 2.131628e-14 
300 3.108450e+00 2.131628e-14 
320 3.066873e+00 2.309264e-14 
340 3.064998e+00 2.486900e-14 
360 3.016682e+00 2.309264e-14 
380 3.077337e+00 3.197442e-14 
400 3.122027e+00 2.486900e-14 
420 3.070051e+00 2.842171e-14 
440 3.090128e+00 3.375078e-14 
460 3.058332e+00 3.552714e-14 
480 2.968315e+00 3.907985e-14 
500 2.985075e+00 4.618528e-14 
520 2.965663e+00 4.263256e-14 
540 2.846678e+00 3.907985e-14 
560 2.871842e+00 3.907985e-14 
580 2.799452e+00 3.552714e-14 
600 2.775208e+00 4.263256e-14 
620 2.765387e+00 4.085621e-14 
640 2.742365e+00 4.796163e-14 
660 2.767964e+00 4.973799e-14 
680 2.724147e+00 4.618528e-14 
700 2.717574e+00 4.440892e-14 
720 2.678176e+00 5.151435e-14 
740 2.708011e+00 5.151435e-14 
760 2.704137e+00 4.973799e-14 
780 2.670568e+00 5.684342e-14 
800 2.669002e+00 6.394885e-14 
820 2.671499e+00 6.394885e-14 
840 2.646236e+00 5.684342e-14 
860 2.653672e+00 5.684342e-14 
880 2.595901e+00 7.105427e-14 
900 2.655128e+00 5.684342e-14 
920 2.569792e+00 5.684342e-14 
940 2.523804e+00 5.684342e-14 
960 2.399151e+00 6.750156e-14 
980 2.339976e+00 8.526513e-14 
1000 2.322222e+00 8.881784e-14 
1020 2.269971e+00 1.847411e-13 
1040 2.180212e+00 2.344791e-13 
1060 2.109300e+00 2.344791e-13 
1080 2.089362e+00 2.700062e-13 
1100 2.036707e+00 2.344791e-13 
1120 1.963145e+00 2.273737e-13 
1140 1.944684e+00 2.664535e-13 
1160 1.906651e+00 2.344791e-13 
];
