version = 'MMult1x4_10';
MY_MMult = [
20 1.230769e+00 1.776357e-15 
40 1.174312e+00 3.108624e-15 
60 1.183562e+00 3.552714e-15 
80 1.197661e+00 5.773160e-15 
100 1.177856e+00 7.105427e-15 
120 1.191313e+00 7.105427e-15 
140 1.194862e+00 1.065814e-14 
160 1.191564e+00 1.332268e-14 
180 1.186934e+00 1.243450e-14 
200 1.181509e+00 1.421085e-14 
220 1.149582e+00 1.421085e-14 
240 1.156481e+00 1.598721e-14 
260 1.157687e+00 2.486900e-14 
280 1.142768e+00 2.131628e-14 
300 1.164119e+00 2.131628e-14 
320 1.154108e+00 2.309264e-14 
340 1.164166e+00 2.486900e-14 
360 1.144287e+00 2.309264e-14 
380 1.160845e+00 3.197442e-14 
400 1.169174e+00 2.486900e-14 
420 1.172214e+00 2.842171e-14 
440 1.170632e+00 3.375078e-14 
460 1.166616e+00 3.552714e-14 
480 1.162285e+00 3.907985e-14 
500 1.163126e+00 4.618528e-14 
520 1.162492e+00 4.263256e-14 
540 1.157270e+00 3.907985e-14 
560 1.149850e+00 3.907985e-14 
580 1.150214e+00 3.552714e-14 
600 1.143838e+00 4.263256e-14 
620 1.140230e+00 4.085621e-14 
640 1.126372e+00 4.796163e-14 
660 1.121054e+00 4.973799e-14 
680 1.116167e+00 4.618528e-14 
700 1.103284e+00 4.440892e-14 
720 1.093592e+00 5.151435e-14 
740 1.081069e+00 5.151435e-14 
760 1.084640e+00 4.973799e-14 
780 1.072596e+00 5.684342e-14 
800 1.065877e+00 6.394885e-14 
820 1.061379e+00 6.394885e-14 
840 1.052845e+00 5.684342e-14 
860 1.048200e+00 5.684342e-14 
880 1.042715e+00 7.105427e-14 
900 1.037878e+00 5.684342e-14 
920 1.021543e+00 5.684342e-14 
940 9.771341e-01 5.684342e-14 
960 9.362875e-01 6.750156e-14 
980 8.993369e-01 8.526513e-14 
1000 8.639059e-01 8.881784e-14 
1020 8.332163e-01 1.847411e-13 
1040 8.057373e-01 2.344791e-13 
1060 7.823343e-01 2.344791e-13 
1080 7.547696e-01 2.700062e-13 
1100 7.295243e-01 2.344791e-13 
1120 7.082359e-01 2.273737e-13 
1140 6.856356e-01 2.664535e-13 
1160 6.662273e-01 2.344791e-13 
];
