version = 'MMult1x2_3';
MY_MMult = [
40 1.094017e+00 0.000000e+00 
80 8.663283e-01 0.000000e+00 
120 8.631369e-01 0.000000e+00 
160 8.660535e-01 0.000000e+00 
200 8.596604e-01 0.000000e+00 
240 8.540978e-01 0.000000e+00 
280 8.395128e-01 0.000000e+00 
320 8.396884e-01 0.000000e+00 
360 8.268749e-01 0.000000e+00 
400 8.400604e-01 0.000000e+00 
440 8.388793e-01 0.000000e+00 
480 8.375009e-01 0.000000e+00 
520 8.353563e-01 0.000000e+00 
560 8.383646e-01 0.000000e+00 
600 8.315864e-01 0.000000e+00 
640 8.278393e-01 0.000000e+00 
680 8.031941e-01 0.000000e+00 
720 7.780652e-01 0.000000e+00 
760 7.737387e-01 0.000000e+00 
800 7.664045e-01 0.000000e+00 
];
