version = 'MMult4x4_3';
MY_MMult = [
20 1.454545e+00 0.000000e+00 
40 1.084746e+00 0.000000e+00 
60 8.537549e-01 0.000000e+00 
80 8.421053e-01 0.000000e+00 
100 8.507018e-01 0.000000e+00 
120 8.487230e-01 0.000000e+00 
140 8.584389e-01 0.000000e+00 
160 8.612279e-01 0.000000e+00 
180 8.599233e-01 0.000000e+00 
200 8.619296e-01 0.000000e+00 
220 8.673835e-01 0.000000e+00 
240 8.524388e-01 0.000000e+00 
260 8.594621e-01 0.000000e+00 
280 8.368724e-01 0.000000e+00 
300 8.461563e-01 0.000000e+00 
320 8.483185e-01 0.000000e+00 
340 8.518607e-01 0.000000e+00 
360 8.509909e-01 0.000000e+00 
380 8.477910e-01 0.000000e+00 
400 8.521006e-01 0.000000e+00 
420 8.454832e-01 0.000000e+00 
440 8.485688e-01 0.000000e+00 
460 8.509619e-01 0.000000e+00 
480 8.487816e-01 0.000000e+00 
500 8.472566e-01 0.000000e+00 
520 8.481321e-01 0.000000e+00 
540 8.531004e-01 0.000000e+00 
560 8.482349e-01 0.000000e+00 
580 8.484422e-01 0.000000e+00 
600 8.434716e-01 0.000000e+00 
620 8.417171e-01 0.000000e+00 
640 8.373001e-01 0.000000e+00 
660 8.379438e-01 0.000000e+00 
680 8.357674e-01 0.000000e+00 
700 8.198651e-01 0.000000e+00 
720 8.100668e-01 0.000000e+00 
740 8.037790e-01 0.000000e+00 
760 7.921288e-01 0.000000e+00 
780 7.801693e-01 0.000000e+00 
800 7.631830e-01 0.000000e+00 
820 7.541591e-01 0.000000e+00 
840 7.402901e-01 0.000000e+00 
860 7.278503e-01 0.000000e+00 
880 7.246380e-01 0.000000e+00 
900 7.101743e-01 0.000000e+00 
920 6.896937e-01 0.000000e+00 
940 6.094772e-01 0.000000e+00 
960 5.466000e-01 0.000000e+00 
980 4.996092e-01 0.000000e+00 
1000 4.564959e-01 0.000000e+00 
1020 4.258670e-01 2.060574e-13 
1040 4.010701e-01 2.273737e-13 
1060 3.757554e-01 2.415845e-13 
1080 3.493479e-01 2.913225e-13 
1100 3.246603e-01 3.055334e-13 
1120 3.042713e-01 3.126388e-13 
1140 2.881012e-01 3.126388e-13 
1160 2.720672e-01 2.984279e-13 
];
