version = 'MMult1x4_11';
MY_MMult = [
20 2.000000e+00 1.776357e-15 
40 1.523810e+00 3.108624e-15 
60 1.542857e+00 3.552714e-15 
80 1.565749e+00 5.773160e-15 
100 1.573564e+00 7.105427e-15 
120 1.580247e+00 7.105427e-15 
140 1.568897e+00 1.065814e-14 
160 1.569950e+00 1.332268e-14 
180 1.578349e+00 1.243450e-14 
200 1.543359e+00 1.421085e-14 
220 1.557522e+00 1.421085e-14 
240 1.539164e+00 1.598721e-14 
260 1.520876e+00 2.486900e-14 
280 1.494452e+00 2.131628e-14 
300 1.503634e+00 2.131628e-14 
320 1.496768e+00 2.309264e-14 
340 1.498894e+00 2.486900e-14 
360 1.498988e+00 2.309264e-14 
380 1.528085e+00 3.197442e-14 
400 1.527191e+00 2.486900e-14 
420 1.530443e+00 2.842171e-14 
440 1.524055e+00 3.375078e-14 
460 1.521600e+00 3.552714e-14 
480 1.533380e+00 3.907985e-14 
500 1.533827e+00 4.618528e-14 
520 1.514536e+00 4.263256e-14 
540 1.482544e+00 3.907985e-14 
560 1.477534e+00 3.907985e-14 
580 1.456033e+00 3.552714e-14 
600 1.451837e+00 4.263256e-14 
620 1.434471e+00 4.085621e-14 
640 1.421694e+00 4.796163e-14 
660 1.394792e+00 4.973799e-14 
680 1.382025e+00 4.618528e-14 
700 1.364612e+00 4.440892e-14 
720 1.331818e+00 5.151435e-14 
740 1.328675e+00 5.151435e-14 
760 1.306459e+00 4.973799e-14 
780 1.289328e+00 5.684342e-14 
800 1.261408e+00 6.394885e-14 
820 1.251768e+00 6.394885e-14 
840 1.225458e+00 5.684342e-14 
860 1.216936e+00 5.684342e-14 
880 1.205321e+00 7.105427e-14 
900 1.195924e+00 5.684342e-14 
920 1.172960e+00 5.684342e-14 
940 1.100212e+00 5.684342e-14 
960 1.046868e+00 6.750156e-14 
980 9.912073e-01 8.526513e-14 
1000 9.506670e-01 8.881784e-14 
1020 9.134883e-01 1.847411e-13 
1040 8.799687e-01 2.344791e-13 
1060 8.497418e-01 2.344791e-13 
1080 8.106795e-01 2.700062e-13 
1100 7.880631e-01 2.344791e-13 
1120 7.618343e-01 2.273737e-13 
1140 7.369579e-01 2.664535e-13 
1160 7.138266e-01 2.344791e-13 
];
