version = 'MMult4x4_10';
MY_MMult = [
20 3.200000e+00 1.776357e-15 
40 3.282051e+00 3.108624e-15 
60 3.323077e+00 3.552714e-15 
80 3.335505e+00 5.773160e-15 
100 3.252033e+00 7.105427e-15 
120 3.378299e+00 7.105427e-15 
140 3.396040e+00 1.065814e-14 
160 3.393538e+00 1.332268e-14 
180 3.342120e+00 1.243450e-14 
200 3.309888e+00 1.421085e-14 
220 3.205781e+00 1.421085e-14 
240 3.014063e+00 1.598721e-14 
260 2.968167e+00 2.486900e-14 
280 2.861687e+00 2.131628e-14 
300 2.977011e+00 2.131628e-14 
320 3.010934e+00 2.309264e-14 
340 3.055111e+00 2.486900e-14 
360 3.027350e+00 2.309264e-14 
380 3.118347e+00 3.197442e-14 
400 3.037206e+00 2.486900e-14 
420 3.080838e+00 2.842171e-14 
440 3.041797e+00 3.375078e-14 
460 3.099873e+00 3.552714e-14 
480 3.036073e+00 3.907985e-14 
500 2.835014e+00 4.618528e-14 
520 3.006854e+00 4.263256e-14 
540 3.010467e+00 3.907985e-14 
560 3.001829e+00 3.907985e-14 
580 2.995295e+00 3.552714e-14 
600 2.936937e+00 4.263256e-14 
620 2.923086e+00 4.085621e-14 
640 2.955200e+00 4.796163e-14 
660 2.880216e+00 4.973799e-14 
680 2.903142e+00 4.618528e-14 
700 2.862006e+00 4.440892e-14 
720 2.844596e+00 5.151435e-14 
740 2.810903e+00 5.151435e-14 
760 2.794557e+00 4.973799e-14 
780 2.678830e+00 5.684342e-14 
800 2.756156e+00 6.394885e-14 
820 2.726771e+00 6.394885e-14 
840 2.677194e+00 5.684342e-14 
860 2.649074e+00 5.684342e-14 
880 2.631232e+00 7.105427e-14 
900 2.481516e+00 5.684342e-14 
920 2.548972e+00 5.684342e-14 
940 2.446596e+00 5.684342e-14 
960 2.367136e+00 6.750156e-14 
980 2.312974e+00 8.526513e-14 
1000 2.251421e+00 8.881784e-14 
1020 2.184603e+00 1.847411e-13 
1040 2.128064e+00 2.344791e-13 
1060 2.095229e+00 2.344791e-13 
1080 2.022638e+00 2.700062e-13 
1100 1.984155e+00 2.344791e-13 
1120 1.923172e+00 2.273737e-13 
1140 1.877819e+00 2.664535e-13 
1160 1.797234e+00 2.344791e-13 
];
