version = 'MMult2';
MY_MMult = [
40 1.103448e+00 0.000000e+00 
80 8.366013e-01 0.000000e+00 
120 8.582071e-01 0.000000e+00 
160 8.633154e-01 0.000000e+00 
200 8.555692e-01 0.000000e+00 
240 8.469550e-01 0.000000e+00 
280 8.381185e-01 0.000000e+00 
320 8.408196e-01 0.000000e+00 
360 8.393556e-01 0.000000e+00 
400 8.437428e-01 0.000000e+00 
440 8.392678e-01 0.000000e+00 
480 8.355773e-01 0.000000e+00 
520 8.293647e-01 0.000000e+00 
560 8.340366e-01 0.000000e+00 
600 8.331340e-01 0.000000e+00 
640 8.159248e-01 0.000000e+00 
680 8.237274e-01 0.000000e+00 
720 7.894291e-01 0.000000e+00 
760 7.972011e-01 0.000000e+00 
800 7.791522e-01 0.000000e+00 
];
