version = 'MMult1';
MY_MMult = [
40 1.132743e+00 0.000000e+00 
80 8.797251e-01 0.000000e+00 
120 8.720666e-01 0.000000e+00 
160 8.683485e-01 0.000000e+00 
200 8.395865e-01 0.000000e+00 
240 8.304698e-01 0.000000e+00 
280 8.252166e-01 0.000000e+00 
320 8.053678e-01 0.000000e+00 
360 8.039841e-01 0.000000e+00 
400 8.009762e-01 0.000000e+00 
440 8.087652e-01 0.000000e+00 
480 8.100850e-01 0.000000e+00 
520 7.908834e-01 0.000000e+00 
560 8.092866e-01 0.000000e+00 
600 7.945894e-01 0.000000e+00 
640 7.931584e-01 0.000000e+00 
680 7.706799e-01 0.000000e+00 
720 7.355242e-01 0.000000e+00 
760 7.311989e-01 0.000000e+00 
800 7.031533e-01 0.000000e+00 
];
