version = 'MMult4x4_13';
MY_MMult = [
20 4.000000e+00 1.776357e-15 
40 3.657143e+00 3.108624e-15 
60 3.630252e+00 3.552714e-15 
80 3.580420e+00 5.773160e-15 
100 3.558719e+00 7.105427e-15 
120 3.618848e+00 7.105427e-15 
140 3.575244e+00 1.243450e-14 
160 3.455082e+00 1.243450e-14 
180 3.460101e+00 1.598721e-14 
200 3.450507e+00 1.776357e-14 
220 3.439276e+00 2.486900e-14 
240 3.317893e+00 2.309264e-14 
260 3.244001e+00 2.842171e-14 
280 3.339723e+00 3.197442e-14 
300 3.298113e+00 3.197442e-14 
320 3.314419e+00 3.197442e-14 
340 3.355301e+00 4.263256e-14 
360 3.344636e+00 3.907985e-14 
380 3.325677e+00 4.618528e-14 
400 3.346405e+00 6.039613e-14 
420 3.275549e+00 5.329071e-14 
440 3.334077e+00 6.039613e-14 
460 3.302100e+00 5.329071e-14 
480 3.275926e+00 6.394885e-14 
500 3.281227e+00 6.394885e-14 
520 3.248123e+00 5.684342e-14 
540 3.245108e+00 7.460699e-14 
560 3.278681e+00 8.171241e-14 
580 3.302841e+00 7.815970e-14 
600 3.308089e+00 7.815970e-14 
620 3.307653e+00 8.526513e-14 
640 3.312241e+00 7.460699e-14 
660 3.334911e+00 7.460699e-14 
680 3.305149e+00 8.171241e-14 
700 3.322484e+00 8.526513e-14 
720 3.319604e+00 8.881784e-14 
740 3.304296e+00 7.815970e-14 
760 3.268464e+00 9.947598e-14 
780 3.251581e+00 1.030287e-13 
800 3.264827e+00 1.065814e-13 
820 3.289795e+00 1.278977e-13 
840 3.303739e+00 1.065814e-13 
860 3.303672e+00 9.947598e-14 
880 3.289950e+00 1.207923e-13 
900 3.299434e+00 1.492140e-13 
920 3.304580e+00 1.563194e-13 
940 3.285479e+00 1.101341e-13 
960 3.291925e+00 1.989520e-13 
980 3.295986e+00 1.492140e-13 
1000 3.279764e+00 1.421085e-13 
1020 3.250443e+00 1.847411e-13 
1040 3.257176e+00 1.847411e-13 
1060 3.262995e+00 2.238210e-13 
1080 3.278054e+00 2.913225e-13 
1100 3.279133e+00 2.486900e-13 
1120 3.291899e+00 2.273737e-13 
1140 3.280423e+00 2.557954e-13 
1160 3.273674e+00 2.700062e-13 
];
