version = 'MMult0';
MY_MMult = [
40 1.075630e+00 0.000000e+00 
80 8.547579e-01 0.000000e+00 
120 8.631369e-01 0.000000e+00 
160 8.623158e-01 0.000000e+00 
200 8.484913e-01 0.000000e+00 
240 7.736520e-01 0.000000e+00 
280 8.221877e-01 0.000000e+00 
320 7.986059e-01 0.000000e+00 
360 7.870512e-01 0.000000e+00 
400 7.869175e-01 0.000000e+00 
440 7.802304e-01 0.000000e+00 
480 7.732598e-01 0.000000e+00 
520 7.748043e-01 0.000000e+00 
560 7.724733e-01 0.000000e+00 
600 7.747434e-01 0.000000e+00 
640 7.744089e-01 0.000000e+00 
680 7.688407e-01 0.000000e+00 
720 7.656919e-01 0.000000e+00 
760 7.638663e-01 0.000000e+00 
800 7.489957e-01 0.000000e+00 
];
