version = 'MMult0';
MY_MMult = [
40 1.094017e+00 0.000000e+00 
80 8.597817e-01 0.000000e+00 
120 8.539659e-01 0.000000e+00 
160 8.572625e-01 0.000000e+00 
200 8.534244e-01 0.000000e+00 
240 8.155752e-01 0.000000e+00 
280 8.158472e-01 0.000000e+00 
320 8.024685e-01 0.000000e+00 
360 7.935234e-01 0.000000e+00 
400 7.810212e-01 0.000000e+00 
440 7.741220e-01 0.000000e+00 
480 7.717166e-01 0.000000e+00 
520 7.711393e-01 0.000000e+00 
560 7.714790e-01 0.000000e+00 
600 7.736667e-01 0.000000e+00 
640 7.719892e-01 0.000000e+00 
680 7.743248e-01 0.000000e+00 
720 7.718960e-01 0.000000e+00 
760 7.669016e-01 0.000000e+00 
800 7.405238e-01 0.000000e+00 
];
