version = 'MMult4x4_16';
MY_MMult = [
20 5.333333e+00 1.776357e-15 
40 5.818182e+00 3.108624e-15 
60 6.084507e+00 3.552714e-15 
80 6.282209e+00 5.773160e-15 
100 6.250000e+00 7.105427e-15 
120 6.388170e+00 7.105427e-15 
140 6.166292e+00 1.243450e-14 
160 6.325869e+00 1.243450e-14 
180 6.346028e+00 1.598721e-14 
200 6.319115e+00 1.776357e-14 
220 6.332441e+00 2.486900e-14 
240 6.360248e+00 2.309264e-14 
260 6.181115e+00 2.810356e+01 
280 6.385108e+00 2.707288e+01 
300 6.331340e+00 3.026943e+01 
320 6.365809e+00 4.009224e+01 
340 6.359356e+00 3.811919e+01 
360 6.405272e+00 3.668555e+01 
380 6.441510e+00 4.703551e+01 
400 6.418614e+00 4.240890e+01 
420 6.386346e+00 4.706180e+01 
440 6.457492e+00 4.314447e+01 
460 6.467508e+00 4.511524e+01 
480 6.450394e+00 4.642410e+01 
500 6.490303e+00 5.135640e+01 
520 6.438537e+00 4.256301e+01 
540 6.429989e+00 4.046130e+01 
560 6.453623e+00 4.671654e+01 
580 6.483311e+00 4.777364e+01 
600 6.450361e+00 5.221664e+01 
620 6.484322e+00 4.804425e+01 
640 6.483978e+00 5.039048e+01 
660 6.497085e+00 6.783829e+01 
680 6.507083e+00 5.973846e+01 
700 6.499351e+00 5.553422e+01 
720 6.485123e+00 6.374162e+01 
740 6.502728e+00 5.731021e+01 
760 6.512079e+00 6.121223e+01 
780 6.473179e+00 5.311901e+01 
800 6.480767e+00 5.122766e+01 
820 6.503170e+00 5.780655e+01 
840 6.514305e+00 7.059541e+01 
860 6.521210e+00 6.121534e+01 
880 6.528729e+00 6.294865e+01 
900 6.494230e+00 6.453806e+01 
920 6.507505e+00 6.488341e+01 
940 6.523594e+00 6.521653e+01 
960 6.535470e+00 6.949138e+01 
980 6.532041e+00 6.615199e+01 
1000 6.547202e+00 6.704053e+01 
1020 6.551799e+00 6.768875e+01 
1040 6.512060e+00 5.855909e+01 
1060 6.508053e+00 6.828242e+01 
1080 6.543347e+00 6.363880e+01 
1100 6.546733e+00 7.877120e+01 
1120 6.549338e+00 7.339125e+01 
1140 6.547306e+00 6.996920e+01 
1160 6.527777e+00 7.925455e+01 
];
