version = 'MMult1x4_10';
MY_MMult = [
20 4.000000e+00 4.905199e+00 
40 6.400000e+00 7.414336e+00 
60 7.081967e+00 1.000078e+01 
80 5.818182e+00 1.359522e+01 
100 5.333333e+00 1.505404e+01 
120 5.647059e+00 1.632400e+01 
140 5.832094e+00 1.737671e+01 
160 5.975201e+00 2.070472e+01 
180 6.106806e+00 2.163947e+01 
200 6.151480e+00 2.110667e+01 
220 6.230544e+00 2.511994e+01 
240 6.351482e+00 2.480685e+01 
260 6.388949e+00 2.637341e+01 
280 6.432821e+00 3.059889e+01 
300 6.520952e+00 3.004397e+01 
320 6.550325e+00 3.037418e+01 
340 6.370178e+00 3.197902e+01 
360 6.573119e+00 3.310104e+01 
380 6.582139e+00 3.330685e+01 
400 6.604066e+00 3.521426e+01 
420 6.648241e+00 3.445114e+01 
440 6.674293e+00 3.950234e+01 
460 6.649769e+00 3.632758e+01 
480 6.593454e+00 3.939584e+01 
500 6.619886e+00 3.942110e+01 
520 6.610159e+00 3.656452e+01 
540 6.651769e+00 4.386090e+01 
560 6.672974e+00 4.133780e+01 
580 6.650374e+00 4.391833e+01 
600 6.619472e+00 4.025704e+01 
620 6.611590e+00 4.947816e+01 
640 6.641938e+00 4.327367e+01 
660 6.690544e+00 4.511482e+01 
680 6.658098e+00 4.589234e+01 
700 6.659612e+00 4.904040e+01 
720 6.640065e+00 5.234082e+01 
740 6.646176e+00 4.685990e+01 
760 6.665847e+00 4.776501e+01 
