version = 'MMult1';
MY_MMult = [
40 1.132743e+00 0.000000e+00 
80 8.789700e-01 0.000000e+00 
120 7.702251e-01 0.000000e+00 
160 8.711187e-01 0.000000e+00 
200 8.570357e-01 0.000000e+00 
240 8.396501e-01 0.000000e+00 
280 8.092008e-01 0.000000e+00 
320 8.030585e-01 0.000000e+00 
360 8.060676e-01 0.000000e+00 
400 8.048290e-01 0.000000e+00 
440 8.104040e-01 0.000000e+00 
480 8.070259e-01 0.000000e+00 
520 7.987185e-01 0.000000e+00 
560 8.068920e-01 0.000000e+00 
600 7.911219e-01 0.000000e+00 
640 7.948165e-01 0.000000e+00 
680 7.804587e-01 0.000000e+00 
720 7.665151e-01 0.000000e+00 
760 7.540282e-01 0.000000e+00 
800 7.310641e-01 0.000000e+00 
];
