version = 'MMult1x4_9';
MY_MMult = [
20 4.000000e+00 1.776357e-15 
40 2.327273e+00 3.108624e-15 
60 2.373626e+00 3.552714e-15 
80 2.403756e+00 5.773160e-15 
100 2.395210e+00 7.105427e-15 
120 2.375258e+00 7.105427e-15 
140 2.373702e+00 1.065814e-14 
160 2.360127e+00 1.332268e-14 
180 2.344051e+00 1.243450e-14 
200 2.358491e+00 1.421085e-14 
220 2.330998e+00 1.421085e-14 
240 2.298254e+00 1.598721e-14 
260 2.279489e+00 2.486900e-14 
280 2.211677e+00 2.131628e-14 
300 2.256582e+00 2.131628e-14 
320 2.230937e+00 2.309264e-14 
340 2.252185e+00 2.486900e-14 
360 2.227761e+00 2.309264e-14 
380 2.254998e+00 3.197442e-14 
400 2.277783e+00 2.486900e-14 
420 2.263784e+00 2.842171e-14 
440 2.249379e+00 3.375078e-14 
460 2.264233e+00 3.552714e-14 
480 2.244657e+00 3.907985e-14 
500 2.248707e+00 4.618528e-14 
520 2.234888e+00 4.263256e-14 
540 2.192695e+00 3.907985e-14 
560 2.185774e+00 3.907985e-14 
580 2.157078e+00 3.552714e-14 
600 2.131649e+00 4.263256e-14 
620 2.102251e+00 4.085621e-14 
640 2.085764e+00 4.796163e-14 
660 2.042898e+00 4.973799e-14 
680 2.037975e+00 4.618528e-14 
700 1.993537e+00 4.440892e-14 
720 1.952690e+00 5.151435e-14 
740 1.920707e+00 5.151435e-14 
760 1.888191e+00 4.973799e-14 
780 1.838052e+00 5.684342e-14 
800 1.813285e+00 6.394885e-14 
820 1.763170e+00 6.394885e-14 
840 1.726719e+00 5.684342e-14 
860 1.712892e+00 5.684342e-14 
880 1.695023e+00 7.105427e-14 
900 1.671627e+00 5.684342e-14 
920 1.631351e+00 5.684342e-14 
940 1.545910e+00 5.684342e-14 
960 1.433026e+00 6.750156e-14 
980 1.351262e+00 8.526513e-14 
1000 1.283526e+00 8.881784e-14 
1020 1.221359e+00 1.847411e-13 
1040 1.153824e+00 2.344791e-13 
1060 1.094603e+00 2.344791e-13 
1080 1.034838e+00 2.700062e-13 
1100 9.856616e-01 2.344791e-13 
1120 9.447117e-01 2.273737e-13 
1140 9.056189e-01 2.664535e-13 
1160 8.739580e-01 2.344791e-13 
];
