version = 'MMult4x4_14';
MY_MMult = [
20 5.333333e+00 1.776357e-15 
40 6.095238e+00 3.108624e-15 
60 6.545455e+00 3.552714e-15 
80 6.606452e+00 5.773160e-15 
100 5.917160e+00 7.105427e-15 
120 6.582857e+00 7.105427e-15 
140 6.315305e+00 1.243450e-14 
160 6.501587e+00 1.243450e-14 
180 6.519843e+00 1.598721e-14 
200 6.519967e+00 1.776357e-14 
220 6.556650e+00 2.486900e-14 
240 6.485574e+00 2.309264e-14 
260 6.407583e+00 2.842171e-14 
280 6.419652e+00 3.197442e-14 
300 6.463196e+00 3.197442e-14 
320 6.482936e+00 3.197442e-14 
340 6.517536e+00 4.263256e-14 
360 6.502125e+00 3.907985e-14 
380 6.520737e+00 4.618528e-14 
400 6.453565e+00 6.039613e-14 
420 6.483591e+00 5.329071e-14 
440 6.500859e+00 6.039613e-14 
460 6.521020e+00 5.329071e-14 
480 6.524602e+00 6.394885e-14 
500 6.530825e+00 6.394885e-14 
520 6.451536e+00 5.684342e-14 
540 6.461652e+00 7.460699e-14 
560 6.510686e+00 8.171241e-14 
580 6.501133e+00 7.815970e-14 
600 6.526666e+00 7.815970e-14 
620 6.533651e+00 8.526513e-14 
640 6.543131e+00 7.460699e-14 
660 6.525621e+00 7.460699e-14 
680 6.548416e+00 8.171241e-14 
700 6.559446e+00 8.526513e-14 
720 6.563814e+00 8.881784e-14 
740 6.561110e+00 7.815970e-14 
760 6.559566e+00 9.947598e-14 
780 6.504187e+00 1.030287e-13 
800 6.550204e+00 1.065814e-13 
820 6.532564e+00 1.278977e-13 
840 6.568413e+00 1.065814e-13 
860 6.568621e+00 9.947598e-14 
880 6.567867e+00 1.207923e-13 
900 6.546660e+00 1.492140e-13 
920 6.558919e+00 1.563194e-13 
940 6.571362e+00 1.101341e-13 
960 6.580311e+00 1.989520e-13 
980 6.593797e+00 1.492140e-13 
1000 6.586140e+00 1.421085e-13 
1020 6.586465e+00 1.847411e-13 
1040 6.561078e+00 1.847411e-13 
1060 6.571141e+00 2.238210e-13 
1080 6.561684e+00 2.913225e-13 
1100 6.584106e+00 2.486900e-13 
1120 6.591635e+00 2.273737e-13 
1140 6.600716e+00 2.557954e-13 
1160 6.551079e+00 2.700062e-13 
];
