version = 'MMult2';
MY_MMult = [
40 1.094017e+00 0.000000e+00 
80 8.540450e-01 0.000000e+00 
120 8.545994e-01 0.000000e+00 
160 8.658704e-01 0.000000e+00 
200 8.626267e-01 0.000000e+00 
240 8.501584e-01 0.000000e+00 
280 8.389513e-01 0.000000e+00 
320 8.328060e-01 0.000000e+00 
360 8.351936e-01 0.000000e+00 
400 8.403527e-01 0.000000e+00 
440 8.316679e-01 0.000000e+00 
480 8.355678e-01 0.000000e+00 
520 8.372015e-01 0.000000e+00 
560 8.349506e-01 0.000000e+00 
600 8.277797e-01 0.000000e+00 
640 8.243924e-01 0.000000e+00 
680 7.980163e-01 0.000000e+00 
720 7.806200e-01 0.000000e+00 
760 7.626215e-01 0.000000e+00 
800 7.465510e-01 0.000000e+00 
];
