version = 'MMult2';
MY_MMult = [
20 1.454545e+00 0.000000e+00 
40 1.066667e+00 0.000000e+00 
60 7.397260e-01 0.000000e+00 
80 8.641350e-01 0.000000e+00 
100 8.684325e-01 0.000000e+00 
120 8.631369e-01 0.000000e+00 
140 8.660249e-01 0.000000e+00 
160 8.611374e-01 0.000000e+00 
180 8.545055e-01 0.000000e+00 
200 8.545639e-01 0.000000e+00 
220 8.567061e-01 0.000000e+00 
240 8.418489e-01 0.000000e+00 
260 8.419842e-01 0.000000e+00 
280 8.353120e-01 0.000000e+00 
300 8.361722e-01 0.000000e+00 
320 8.300109e-01 0.000000e+00 
340 8.410241e-01 0.000000e+00 
360 8.282988e-01 0.000000e+00 
380 8.368206e-01 0.000000e+00 
400 8.307696e-01 0.000000e+00 
420 8.330860e-01 0.000000e+00 
440 8.299501e-01 0.000000e+00 
460 8.327110e-01 0.000000e+00 
480 8.371364e-01 0.000000e+00 
500 8.299775e-01 0.000000e+00 
520 8.266415e-01 0.000000e+00 
540 8.231712e-01 0.000000e+00 
560 8.145738e-01 0.000000e+00 
580 8.162299e-01 0.000000e+00 
600 8.135930e-01 0.000000e+00 
620 8.174431e-01 0.000000e+00 
640 8.081697e-01 0.000000e+00 
660 8.041587e-01 0.000000e+00 
680 8.061842e-01 0.000000e+00 
700 8.006153e-01 0.000000e+00 
720 7.936373e-01 0.000000e+00 
740 7.906324e-01 0.000000e+00 
760 7.829951e-01 0.000000e+00 
780 7.822462e-01 0.000000e+00 
800 7.753141e-01 0.000000e+00 
820 7.711883e-01 0.000000e+00 
840 7.645041e-01 0.000000e+00 
860 7.591295e-01 0.000000e+00 
880 7.544044e-01 0.000000e+00 
900 7.500405e-01 0.000000e+00 
920 7.291393e-01 0.000000e+00 
940 6.399953e-01 0.000000e+00 
960 5.720400e-01 0.000000e+00 
980 5.198379e-01 0.000000e+00 
1000 4.724030e-01 0.000000e+00 
1020 4.388522e-01 2.557954e-13 
1040 4.067848e-01 2.415845e-13 
1060 3.797105e-01 2.700062e-13 
1080 3.455190e-01 3.410605e-13 
1100 3.175263e-01 3.055334e-13 
1120 2.965783e-01 3.126388e-13 
1140 2.783533e-01 3.197442e-13 
1160 2.633870e-01 3.055334e-13 
];
