version = 'MMult1x2_4';
MY_MMult = [
20 1.454545e+00 0.000000e+00 
40 1.075630e+00 0.000000e+00 
60 8.605578e-01 0.000000e+00 
80 8.533333e-01 0.000000e+00 
100 8.624407e-01 0.000000e+00 
120 8.512315e-01 0.000000e+00 
140 8.657517e-01 0.000000e+00 
160 8.602331e-01 0.000000e+00 
180 8.481675e-01 0.000000e+00 
200 8.544726e-01 0.000000e+00 
220 8.376996e-01 0.000000e+00 
240 8.420027e-01 0.000000e+00 
260 8.350040e-01 0.000000e+00 
280 8.347085e-01 0.000000e+00 
300 8.368460e-01 0.000000e+00 
320 8.296116e-01 0.000000e+00 
340 8.348432e-01 0.000000e+00 
360 8.247408e-01 0.000000e+00 
380 8.329399e-01 0.000000e+00 
400 8.281949e-01 0.000000e+00 
420 8.268796e-01 0.000000e+00 
440 8.319400e-01 0.000000e+00 
460 8.256230e-01 0.000000e+00 
480 8.173202e-01 0.000000e+00 
500 8.208509e-01 0.000000e+00 
520 8.163256e-01 0.000000e+00 
540 8.131560e-01 0.000000e+00 
560 8.111818e-01 0.000000e+00 
580 8.128160e-01 0.000000e+00 
600 8.078254e-01 0.000000e+00 
620 8.068058e-01 0.000000e+00 
640 8.047818e-01 0.000000e+00 
660 8.031220e-01 0.000000e+00 
680 8.012558e-01 0.000000e+00 
700 7.985882e-01 0.000000e+00 
720 7.927936e-01 0.000000e+00 
740 7.946807e-01 0.000000e+00 
760 7.884793e-01 0.000000e+00 
780 7.826700e-01 0.000000e+00 
800 7.748342e-01 0.000000e+00 
820 7.693316e-01 0.000000e+00 
840 7.627617e-01 0.000000e+00 
860 7.469821e-01 0.000000e+00 
880 7.341467e-01 0.000000e+00 
900 7.190668e-01 0.000000e+00 
920 6.990686e-01 0.000000e+00 
940 6.172796e-01 0.000000e+00 
960 5.508153e-01 0.000000e+00 
980 5.031911e-01 0.000000e+00 
1000 4.664312e-01 0.000000e+00 
1020 4.377440e-01 2.557954e-13 
1040 4.107890e-01 2.415845e-13 
1060 3.843005e-01 2.700062e-13 
1080 3.556367e-01 3.410605e-13 
1100 3.292911e-01 3.055334e-13 
1120 3.107301e-01 3.126388e-13 
1140 2.926023e-01 3.197442e-13 
1160 2.764792e-01 3.055334e-13 
];
