version = 'MMult1x2_3';
MY_MMult = [
20 1.600000e+00 0.000000e+00 
40 1.084746e+00 0.000000e+00 
60 8.674699e-01 0.000000e+00 
80 8.561873e-01 0.000000e+00 
100 8.628128e-01 0.000000e+00 
120 8.657315e-01 0.000000e+00 
140 8.626218e-01 0.000000e+00 
160 8.648649e-01 0.000000e+00 
180 8.582150e-01 0.000000e+00 
200 8.555235e-01 0.000000e+00 
220 8.514313e-01 0.000000e+00 
240 8.458409e-01 0.000000e+00 
260 8.415005e-01 0.000000e+00 
280 8.319090e-01 0.000000e+00 
300 8.368331e-01 0.000000e+00 
320 8.389145e-01 0.000000e+00 
340 8.401791e-01 0.000000e+00 
360 8.333214e-01 0.000000e+00 
380 8.433931e-01 0.000000e+00 
400 8.378828e-01 0.000000e+00 
420 8.342257e-01 0.000000e+00 
440 8.401659e-01 0.000000e+00 
460 8.385974e-01 0.000000e+00 
480 8.170726e-01 0.000000e+00 
500 8.213741e-01 0.000000e+00 
520 8.213516e-01 0.000000e+00 
540 8.166733e-01 0.000000e+00 
560 8.148762e-01 0.000000e+00 
580 8.073656e-01 0.000000e+00 
600 8.055103e-01 0.000000e+00 
620 8.094239e-01 0.000000e+00 
640 8.053072e-01 0.000000e+00 
660 8.028652e-01 0.000000e+00 
680 7.990597e-01 0.000000e+00 
700 7.961589e-01 0.000000e+00 
720 7.910310e-01 0.000000e+00 
740 7.822208e-01 0.000000e+00 
760 7.746275e-01 0.000000e+00 
780 7.673359e-01 0.000000e+00 
800 7.545123e-01 0.000000e+00 
820 7.418663e-01 0.000000e+00 
840 7.254763e-01 0.000000e+00 
860 7.148564e-01 0.000000e+00 
880 7.061059e-01 0.000000e+00 
900 7.013122e-01 0.000000e+00 
920 6.835183e-01 0.000000e+00 
940 6.064257e-01 0.000000e+00 
960 5.410491e-01 0.000000e+00 
980 4.923138e-01 0.000000e+00 
1000 4.559329e-01 0.000000e+00 
1020 4.250193e-01 2.557954e-13 
1040 4.011512e-01 2.415845e-13 
1060 3.751472e-01 2.700062e-13 
1080 3.488146e-01 3.410605e-13 
1100 3.254911e-01 3.055334e-13 
1120 3.076393e-01 3.126388e-13 
1140 2.911068e-01 3.197442e-13 
1160 2.765963e-01 3.055334e-13 
];
