version = 'MMult0';
MY_MMult = [
20 1.777778e+00 0.000000e+00 
40 1.306122e+00 0.000000e+00 
60 8.780488e-01 0.000000e+00 
80 8.927637e-01 0.000000e+00 
100 8.924587e-01 0.000000e+00 
120 8.918710e-01 0.000000e+00 
140 8.965855e-01 0.000000e+00 
160 8.878292e-01 0.000000e+00 
180 8.974379e-01 0.000000e+00 
200 8.926579e-01 0.000000e+00 
220 8.840550e-01 0.000000e+00 
240 8.838310e-01 0.000000e+00 
260 8.655996e-01 0.000000e+00 
280 8.709556e-01 0.000000e+00 
300 8.787775e-01 0.000000e+00 
320 8.762552e-01 0.000000e+00 
340 8.699713e-01 0.000000e+00 
360 8.683660e-01 0.000000e+00 
380 8.720015e-01 0.000000e+00 
400 8.681733e-01 0.000000e+00 
420 8.646655e-01 0.000000e+00 
440 8.698547e-01 0.000000e+00 
460 8.684007e-01 0.000000e+00 
480 8.623393e-01 0.000000e+00 
500 8.651776e-01 0.000000e+00 
520 8.722662e-01 0.000000e+00 
540 8.712955e-01 0.000000e+00 
560 8.703276e-01 0.000000e+00 
580 8.653491e-01 0.000000e+00 
600 8.679195e-01 0.000000e+00 
620 8.622030e-01 0.000000e+00 
640 8.516907e-01 0.000000e+00 
660 8.577208e-01 0.000000e+00 
680 8.527952e-01 0.000000e+00 
700 8.514853e-01 0.000000e+00 
720 8.514791e-01 0.000000e+00 
740 8.593174e-01 0.000000e+00 
760 8.473050e-01 0.000000e+00 
780 8.509915e-01 0.000000e+00 
800 8.461348e-01 0.000000e+00 
820 8.456798e-01 0.000000e+00 
840 8.361729e-01 0.000000e+00 
860 8.369340e-01 0.000000e+00 
880 8.395790e-01 0.000000e+00 
900 8.352941e-01 0.000000e+00 
920 8.348635e-01 0.000000e+00 
940 8.314774e-01 0.000000e+00 
960 8.287708e-01 0.000000e+00 
980 8.273535e-01 0.000000e+00 
1000 8.193478e-01 0.000000e+00 
1020 8.121727e-01 0.000000e+00 
1040 6.521242e-01 0.000000e+00 
1060 5.254015e-01 0.000000e+00 
1080 5.080052e-01 0.000000e+00 
1100 4.693322e-01 0.000000e+00 
1120 4.036591e-01 0.000000e+00 
1140 3.564318e-01 0.000000e+00 
1160 3.218545e-01 0.000000e+00 
1180 2.940963e-01 0.000000e+00 
];
