version = 'MMult4x4_4';
MY_MMult = [
20 1.600000e+00 0.000000e+00 
40 1.075630e+00 0.000000e+00 
60 8.571429e-01 0.000000e+00 
80 8.583403e-01 0.000000e+00 
100 8.576329e-01 0.000000e+00 
120 8.560812e-01 0.000000e+00 
140 8.604578e-01 0.000000e+00 
160 8.600525e-01 0.000000e+00 
180 8.640640e-01 0.000000e+00 
200 8.608167e-01 0.000000e+00 
220 8.634447e-01 0.000000e+00 
240 8.494531e-01 0.000000e+00 
260 8.540330e-01 0.000000e+00 
280 8.553283e-01 0.000000e+00 
300 8.549580e-01 0.000000e+00 
320 8.503218e-01 0.000000e+00 
340 8.506347e-01 0.000000e+00 
360 8.504867e-01 0.000000e+00 
380 8.528708e-01 0.000000e+00 
400 8.499280e-01 0.000000e+00 
420 8.494966e-01 0.000000e+00 
440 8.545618e-01 0.000000e+00 
460 8.457528e-01 0.000000e+00 
480 8.467864e-01 0.000000e+00 
500 8.496292e-01 0.000000e+00 
520 8.497235e-01 0.000000e+00 
540 8.433614e-01 0.000000e+00 
560 8.444863e-01 0.000000e+00 
580 8.498131e-01 0.000000e+00 
600 8.473745e-01 0.000000e+00 
620 8.394698e-01 0.000000e+00 
640 8.425194e-01 0.000000e+00 
660 8.270470e-01 0.000000e+00 
680 8.271903e-01 0.000000e+00 
700 8.286615e-01 0.000000e+00 
720 8.264473e-01 0.000000e+00 
740 8.223607e-01 0.000000e+00 
760 8.173047e-01 0.000000e+00 
780 8.105938e-01 0.000000e+00 
800 8.020144e-01 0.000000e+00 
820 7.973651e-01 0.000000e+00 
840 7.818504e-01 0.000000e+00 
860 7.820672e-01 0.000000e+00 
880 7.715186e-01 0.000000e+00 
900 7.560417e-01 0.000000e+00 
920 7.290421e-01 0.000000e+00 
940 6.386718e-01 0.000000e+00 
960 5.647551e-01 0.000000e+00 
980 5.098602e-01 0.000000e+00 
1000 4.659292e-01 0.000000e+00 
1020 4.321130e-01 2.060574e-13 
1040 4.047423e-01 2.273737e-13 
1060 3.781455e-01 2.415845e-13 
1080 3.500400e-01 2.913225e-13 
1100 3.269340e-01 3.055334e-13 
1120 3.066946e-01 3.126388e-13 
1140 2.902710e-01 3.126388e-13 
1160 2.753665e-01 2.984279e-13 
];