version = 'MMult4x4_8';
MY_MMult = [
20 5.333333e+00 1.776357e-15 
40 3.657143e+00 3.108624e-15 
60 3.661017e+00 3.552714e-15 
80 3.494881e+00 5.773160e-15 
100 3.466205e+00 7.105427e-15 
120 3.668790e+00 7.105427e-15 
140 3.608153e+00 1.065814e-14 
160 3.610401e+00 1.332268e-14 
180 3.531335e+00 1.243450e-14 
200 3.593083e+00 1.421085e-14 
220 3.429860e+00 1.421085e-14 
240 3.332289e+00 1.598721e-14 
260 3.225842e+00 2.486900e-14 
280 3.141385e+00 2.131628e-14 
300 3.116164e+00 2.131628e-14 
320 3.094240e+00 2.309264e-14 
340 3.060106e+00 2.486900e-14 
360 3.096980e+00 2.309264e-14 
380 3.002572e+00 3.197442e-14 
400 2.959811e+00 2.486900e-14 
420 3.040693e+00 2.842171e-14 
440 2.990644e+00 3.375078e-14 
460 2.994631e+00 3.552714e-14 
480 2.979029e+00 3.907985e-14 
500 2.969756e+00 4.618528e-14 
520 2.944084e+00 4.263256e-14 
540 2.997830e+00 3.907985e-14 
560 2.779504e+00 3.907985e-14 
580 2.901445e+00 3.552714e-14 
600 2.865520e+00 4.263256e-14 
620 2.935182e+00 4.085621e-14 
640 2.804609e+00 4.796163e-14 
660 2.764890e+00 4.973799e-14 
680 2.747823e+00 4.618528e-14 
700 2.748353e+00 4.440892e-14 
720 2.726149e+00 5.151435e-14 
740 2.798595e+00 5.151435e-14 
760 2.699124e+00 4.973799e-14 
780 2.703831e+00 5.684342e-14 
800 2.684127e+00 6.394885e-14 
820 2.614872e+00 6.394885e-14 
840 2.618540e+00 5.684342e-14 
860 2.604929e+00 5.684342e-14 
880 2.565923e+00 7.105427e-14 
900 2.604078e+00 5.684342e-14 
920 2.535972e+00 5.684342e-14 
940 2.430509e+00 5.684342e-14 
960 2.382710e+00 6.750156e-14 
980 2.287325e+00 8.526513e-14 
1000 2.294860e+00 8.881784e-14 
1020 2.229583e+00 1.847411e-13 
1040 2.202312e+00 2.344791e-13 
1060 2.099487e+00 2.344791e-13 
1080 2.072208e+00 2.700062e-13 
1100 1.984630e+00 2.344791e-13 
1120 1.967977e+00 2.273737e-13 
1140 1.917576e+00 2.664535e-13 
1160 1.880774e+00 2.344791e-13 
];
