version = 'MMult4x4_5';
MY_MMult = [
20 2.000000e+00 0.000000e+00 
40 1.542169e+00 0.000000e+00 
60 1.542857e+00 0.000000e+00 
80 1.546828e+00 0.000000e+00 
100 1.530222e+00 0.000000e+00 
120 1.527851e+00 0.000000e+00 
140 1.533389e+00 0.000000e+00 
160 1.530071e+00 0.000000e+00 
180 1.537569e+00 0.000000e+00 
200 1.529783e+00 0.000000e+00 
220 1.521360e+00 0.000000e+00 
240 1.479056e+00 0.000000e+00 
260 1.468644e+00 0.000000e+00 
280 1.449934e+00 0.000000e+00 
300 1.425065e+00 0.000000e+00 
320 1.442222e+00 0.000000e+00 
340 1.435815e+00 0.000000e+00 
360 1.428012e+00 0.000000e+00 
380 1.434000e+00 0.000000e+00 
400 1.436330e+00 0.000000e+00 
420 1.429277e+00 0.000000e+00 
440 1.405990e+00 0.000000e+00 
460 1.418696e+00 0.000000e+00 
480 1.403960e+00 0.000000e+00 
500 1.399063e+00 0.000000e+00 
520 1.389078e+00 0.000000e+00 
540 1.390257e+00 0.000000e+00 
560 1.388801e+00 0.000000e+00 
580 1.374725e+00 0.000000e+00 
600 1.360279e+00 0.000000e+00 
620 1.348806e+00 0.000000e+00 
640 1.342775e+00 0.000000e+00 
660 1.317508e+00 0.000000e+00 
680 1.320829e+00 0.000000e+00 
700 1.315429e+00 0.000000e+00 
720 1.311066e+00 0.000000e+00 
740 1.299705e+00 0.000000e+00 
760 1.291615e+00 0.000000e+00 
780 1.292246e+00 0.000000e+00 
800 1.281827e+00 0.000000e+00 
820 1.278354e+00 0.000000e+00 
840 1.266210e+00 0.000000e+00 
860 1.253356e+00 0.000000e+00 
880 1.249386e+00 0.000000e+00 
900 1.244652e+00 0.000000e+00 
920 1.226421e+00 0.000000e+00 
940 1.212530e+00 0.000000e+00 
960 1.194591e+00 0.000000e+00 
980 1.174906e+00 0.000000e+00 
1000 1.168493e+00 0.000000e+00 
1020 1.154170e+00 2.060574e-13 
1040 1.124451e+00 2.273737e-13 
1060 1.112828e+00 2.415845e-13 
1080 1.092200e+00 2.913225e-13 
1100 1.080470e+00 3.055334e-13 
1120 1.057210e+00 3.126388e-13 
1140 1.034819e+00 3.126388e-13 
1160 1.030907e+00 2.984279e-13 
];
