version = 'MMult1';
MY_MMult = [
40 1.113043e+00 0.000000e+00 
80 8.590604e-01 0.000000e+00 
120 8.635682e-01 0.000000e+00 
160 8.653216e-01 0.000000e+00 
200 8.540165e-01 0.000000e+00 
240 8.361459e-01 0.000000e+00 
280 8.163781e-01 0.000000e+00 
320 7.976922e-01 0.000000e+00 
360 8.097329e-01 0.000000e+00 
400 8.126262e-01 0.000000e+00 
440 8.063116e-01 0.000000e+00 
480 8.064727e-01 0.000000e+00 
520 8.087473e-01 0.000000e+00 
560 8.072443e-01 0.000000e+00 
600 7.905167e-01 0.000000e+00 
640 7.848458e-01 0.000000e+00 
680 7.778253e-01 0.000000e+00 
720 7.570754e-01 0.000000e+00 
760 7.517105e-01 0.000000e+00 
800 7.460974e-01 0.000000e+00 
];
