version = 'MMult2';
MY_MMult = [
40 1.084746e+00 0.000000e+00 
80 8.641350e-01 0.000000e+00 
120 8.672522e-01 0.000000e+00 
160 8.706558e-01 0.000000e+00 
200 8.658477e-01 0.000000e+00 
240 8.591138e-01 0.000000e+00 
280 8.530183e-01 0.000000e+00 
320 8.529668e-01 0.000000e+00 
360 8.569303e-01 0.000000e+00 
400 8.585821e-01 0.000000e+00 
440 8.527524e-01 0.000000e+00 
480 8.529878e-01 0.000000e+00 
520 8.532324e-01 0.000000e+00 
560 8.446102e-01 0.000000e+00 
600 8.481881e-01 0.000000e+00 
640 8.400180e-01 0.000000e+00 
680 8.250340e-01 0.000000e+00 
720 8.032678e-01 0.000000e+00 
760 7.957192e-01 0.000000e+00 
800 7.720750e-01 0.000000e+00 
];
